20277.77007265118,4126.506005548339
19942.450505647088,2441.186652404905
18800.078333689038,3964.8133861628394
18847.52283403085,7330.799160041598
17491.653887406,4198.880531245434
17955.45511124916,2248.6045831139068
16883.019401514117,6547.116425531701
17263.479777612974,6637.577605773703
18879.0300170166,4501.753721603699
20046.417011257683,4481.231461922534
17893.415265188713,4188.761625458688
16165.509371027252,4046.883566097635
15407.168023957316,7249.709011311581
16613.617263238913,4036.768142540148
16666.09745094594,5058.960186653578
19303.112546769502,4202.476529661438
16559.14864554551,2566.8690429439557
17806.1128342373,5153.7592018899695
18060.02774597535,1898.2486073673786
18231.846918272808,5908.565562956586
21133.91871637373,4538.715469624441
17337.950338144838,6264.514031771283
18413.683098206748,4501.971053666699
17689.918108259808,4087.812779373561
17139.28405162946,5746.412188465569
19739.027477184718,7572.376787252222
17068.142804050578,3438.916714933255
18129.200545632528,3462.0026541921725
20277.89033763118,5994.826524815799
18261.515299206672,3009.1995157609267
19189.224782687597,4961.937866760835
18142.927771962637,4915.465321375975
17977.701052692515,4616.609554297514
18325.152126324214,4710.4649700790815
16834.870116348804,5914.022555674282
18936.99595766477,2916.082785402411
15521.843209086857,4442.2789912992685
17938.969243092903,3217.4771394054155
16245.057920324774,5670.452650473082
17754.106466172958,5847.47629610241
18596.820044408087,4563.0659553112055
20077.452925471105,7617.992202106124
18636.954550791434,4263.160077625146
18025.948121332684,6171.055333109827
17539.94233344655,4980.506536140448
19583.29126544045,3996.492478171011
17006.853346551503,5282.1322853291795
16876.258007501823,5886.993289024726
18750.025402057498,3234.8303671044705
18283.688741485872,3954.035148521565
20244.946573406585,4159.097159397111
16596.1234110192,1515.8786287691428
18007.39513293112,5390.829441027437
18574.12821221427,4138.710381371106
14947.41488515168,6617.704068275772
19379.051442266173,3293.2262838003594
20219.712030189345,2244.5601084399436
16174.78303830486,4836.488161390058
18873.305699744527,1538.8987814553761
17472.98420910825,4447.887998035022
18080.20419402641,2984.2547861544253
17969.254289417233,3455.4037121951756
15634.532207441764,6449.141023418563
16992.519311612432,3801.099128969849
17705.742618857264,3991.290091806112
16784.268654724277,7229.721269612864
17554.287593776924,2026.6631146670197
19862.507494806327,5007.0691729419505
16028.031354581903,4571.419834024876
18997.265698277857,4359.619772885437
19490.528743577488,7708.657517010681
20959.880235559536,5674.084803727335
18548.735427820637,2848.220635624401
16727.32761496209,3790.9559684784176
21473.4600523386,4620.623116953266
20378.707729574282,2938.0378720150966
15847.53006601036,4164.982570728476
18433.587483898133,3703.14490166721
17821.77971410845,4192.212265791866
16450.15142436338,4131.887904790287
16384.75678259624,5920.707263052542
19112.417287790915,4249.894399942328
18070.365303637423,5692.900301260282
17422.496282421125,3878.953948078341
20294.55943572518,3156.526649350495
16945.948710378132,4296.483164121493
16509.0791305271,3820.801443165602
18270.56508618921,4449.915659643041
18039.417682247855,3982.7063804848835
18539.246835183003,5377.470179628484
17958.90987466661,3388.460018252924
17501.454617318646,3731.981105217121
18292.094762294902,2953.6967726561593
17377.19462368174,3911.053204712944
15755.698528839377,7343.375800575385
17492.04112468804,5324.133934279144
18784.87756223053,5817.65408605428
19294.777138345675,5096.336429470396
18768.545324830182,4786.956874311039
18280.201491470194,4203.943034097592
19791.72476268977,4839.7865340476155
19197.66115155846,4104.077439541721
18949.303510532358,3171.234187244225
17490.062280948197,3625.4394296118985
17853.465202558113,3439.592055331271
18138.53231815515,3117.86842410773
17761.46437973209,4757.60438339238
17337.35345345209,5756.39246274457
16417.094576061725,5929.000364311822
19351.59317757225,3915.7457491836435
20062.48324592333,2681.21079011647
17307.27496410376,3827.6309308766704
18019.898046152204,6266.384039473773
20063.001124243536,5767.9964601984875
18036.438477159587,2729.052103744384
17743.839775575543,4318.711320197808
17820.594071471638,5483.3610975866695
18078.406272561275,4303.6371181980785
18629.320189652422,5245.922958090014
15409.516359001347,4999.430101475364
15020.655453713578,3219.039417785808
17848.123073141378,5595.461557425903
17071.465407476146,2264.419157141888
17786.9427828915,5138.658535658902
17209.98521087835,6874.68546177806
17581.916042147415,7117.156263494574
20087.034573369187,4503.01739036813
17234.577791962252,4313.221425292051
19203.09352454675,3954.3795882520008
18092.083782870675,4837.3358854436765
17632.379704274714,4114.743886993044
18998.323267572847,5751.807214529744
20473.343067432823,4141.4836950285835
18699.167509336385,6198.172583765293
17264.727818078714,5343.885039770845
15706.006282398639,4465.264141932595
17547.471872897884,3584.823000181099
16929.754158039796,5237.135148560571
16858.14977417497,6337.359319563453
19240.743229822405,5795.305432991406
19240.84259284618,2320.424522344517
13673.644129843156,8154.590173322341
17663.95636186439,3715.7424139950117
17509.530162337494,4686.798519874837
17242.437782488185,2735.273104279856
18934.167973572192,4484.073614226161
19323.455688443035,5612.958865642266
19610.113583334085,1816.0688825596126
16210.02030378097,3743.0213119687796
21147.57046226532,5324.631566921314
18185.964112387515,4200.738814977929
18009.64881771476,5135.044612856455
18709.17211546515,3175.2447130502246
19111.325787853806,6771.223313614333
19782.54774824057,3929.0235263571503
19986.194579580442,3806.5924956290405
17397.967312133696,3083.23077452737
16517.976521842007,3808.1755495449806
19644.278049902317,4715.954681908537
16804.405250832377,4165.173202842667
18732.110442240886,4425.9138844526005
16975.48444091827,4863.582307666029
19708.16056613279,7200.223982595883
17221.794166023104,4143.735562094453
15331.214030120638,2778.7338027146134
20243.690359133605,3536.268873746736
16761.53573456822,3528.0794316811825
15421.697084269486,5789.368050750044
17763.684118980193,6026.737316037195
16579.88599651097,6315.537109073816
19493.68019026268,5711.770164390555
15762.491156339329,4942.461496269829
18054.613278749086,4619.1955428732535
17737.973556891186,5709.588114078648
17305.26486462618,4226.219726988639
17209.920791015782,4666.353428709699
20560.297641314006,5701.92027521483
16770.644809756457,5577.141938456753
20817.30071659237,4410.684937610581
19610.89020323254,1928.7948420491603
18729.39304651989,4421.262953612857
18121.857970312194,5308.571661837671
17224.249621849387,7283.855624535068
18385.775744221508,2410.538836161379
18466.41670437775,5187.875359034011
19786.30710894047,5393.15636528044
18334.02973749007,6154.851174054309
19583.455809479623,6018.661672411805
20447.61477831295,6130.177718756584
4340.250131291828,16970.509041755875
4414.381840782141,16310.442174570768
5359.593178471037,15645.104215706444
4195.646176151219,17547.18943069681
4637.731325148761,14688.897140987023
2921.516940434336,15939.667685388962
5246.441312946821,14946.718795365765
4601.300076436721,15231.153421319956
3613.118083980264,12978.232652878432
5661.3737037197825,13650.242705419463
3467.728442864228,16666.43789578444
4897.107770318404,15351.180262861173
3545.431246063744,14725.795603762072
3316.4372987649563,16833.579902031324
3085.0474163679924,15135.471515683199
3947.280167707083,14203.771237427547
4075.627893101392,15317.432166789888
3221.0006018193035,16346.792321362482
2491.221086374235,14258.243719043336
4183.948806075532,14955.81287584788
5190.4528501702935,13241.225744947978
3935.0542273901965,15604.728735813615
4661.689007625425,16900.102805339186
5559.077382075702,17158.068305433666
4399.955072934221,15098.052847778874
3811.422337182369,16293.425056088254
6185.171044729801,16325.22007855044
6705.576958244349,15296.03863440044
2537.197584073808,13527.838673687647
4371.873771024537,16147.483756310787
4809.49470677564,13686.292564022855
5333.795711719364,15197.463500392725
6615.187508827645,14389.315895061749
4407.47697450405,13084.901921343797
3364.6165689175277,14296.810877110474
4535.69833221455,15223.071545636005
4990.675836920626,15876.846127690758
6176.086293285416,15549.85236578563
2843.762763543994,15082.583983068587
5442.116131065683,17550.907651151054
3562.6752778938444,16837.294966096266
4760.812108344532,15719.725186367265
4161.008064901985,15860.816978228882
2205.84480029279,16978.507321594414
3872.6568435057416,14074.384762595251
1589.960437944489,15992.719381510231
4275.452563006348,14281.713434013778
5804.02411875054,13477.689429368953
6563.917402753957,15656.922403951823
4285.211096666669,15619.158150917248
1651.70031970228,14758.488723163262
4701.961426023996,15355.676514048977
3742.715795143808,12835.465274377077
3951.1430350739433,16869.033081281003
5068.331846082348,15362.94385053405
2981.994155489904,14290.46264837411
17295.53364688307,22686.989911870536
18998.086495387724,22209.297808556053
21239.2536823592,20724.20158864387
19640.488064532987,20525.114999359146
20918.226686360853,20534.735729295237
19645.49509669576,22098.952726275616
21751.343539881196,18558.625372120165
22311.679933821426,23192.83095992475
19710.883112159416,21201.68324623627
19021.086657891035,20373.36895432201
19418.251776833233,23157.95488633496
20399.145775309342,20561.93241976843
18754.161930953233,19660.97580352562
20754.732542225323,20441.486702448812
20691.53681239195,20230.078851405007
19164.483073595304,21762.5380740402
18125.50119683224,21435.464807732224
18232.843712962152,19575.777614521037
21112.82556209949,22104.54005458971
16105.019092946502,21683.10325731726
20783.124821284688,22151.48514587705
21400.02150926588,21273.341570616023
20254.71136930515,21141.844111613966
20460.81499450324,22643.970449941713
17700.7823068893,18453.96268105975
19154.932725416656,20772.675269413463
19209.111299611042,21584.845986339747
18965.26447649042,21416.68443861136
20359.530403004734,17724.806111792786
17137.42469185448,22829.458566214464
19029.798150066174,21095.901800220796
20021.204879410845,18541.474893549082
17961.694126237537,20722.428505026517
17141.878556303913,22855.436828369297
21456.622723828885,21758.658622363477
22017.702192145094,20670.46326866324
20621.64498370787,23173.07527773223
16894.851320340436,22612.882420457714
19152.394421631183,20451.47820882844
18648.117190940113,21833.893326449725
21257.079411998584,19983.580812059885
17404.105509399575,19769.01240582108
17908.18182673816,21895.878096311164
16475.749122500463,21316.89121503665
19379.15788612931,20843.154571887266
16782.66256243507,20611.79457481571
18121.5371507459,19913.706810015145
18187.353657481748,19937.716608885577
18575.28482454353,19638.649556569188
19884.361268368648,21052.50398885858
16703.416833695726,20207.235404927145
18477.674560961816,21687.401321485628
18097.1891438038,23675.836299488325
20700.475517141655,17915.72187479586
19298.985752441084,22255.16294798157
