9984.915,7446.688
5669.405,6270.198
4159.581,8559.242
6660.42,4291.819
2419.641,4209.13
2919.248,8951.508
7566.809,5243.881
4833.9,6330.262
1656.646,6236.778
3137.559,783.241
8492.231,9306.674
479.265,7005.33
3163.16,1357.0
2183.75,2115.344
6537.848,5464.094
3142.35,8619.563
6151.471,1883.189
2680.61,9563.269
548.39,8500.333
3383.077,4211.182
777.788,1468.644
9254.121,1024.087
9473.357,7337.636
9165.751,4564.226
7084.342,3359.915
9641.0,6976.139
587.399,4099.028
4458.887,7243.473
7361.513,3942.536
871.769,5400.644
705.267,1142.394
1097.593,7691.275
2866.356,1806.457
9066.09,4348.508
1836.397,8358.823
8614.948,9215.705
8.566,612.797
1791.844,7248.348
7570.371,6374.475
5777.504,7862.708
6011.893,9166.164
7600.497,485.052
889.556,1610.451
1415.286,8247.085
192.637,2688.017
8674.295,1038.81
6535.063,7467.398
966.714,4419.131
145.688,2177.386
2531.734,347.188
178.924,7050.727
8155.701,5923.38
2601.634,1899.893
6746.324,7530.468
3496.94,5136.745
6141.303,2748.959
9020.586,6310.233
9975.974,8321.144
1147.553,8050.289
5192.157,5291.592
9176.489,4117.222
4172.952,8806.603
7932.983,1488.957
3016.114,8536.74
273.006,9709.47
4869.063,2452.563
3325.847,1596.371
3628.757,2094.109
1678.114,9617.946
4315.602,2714.036
8114.374,604.274
4380.695,5785.161
9795.922,3605.285
1249.531,4364.24
7236.262,1115.032
5952.526,1349.7
5060.503,1532.329
6538.79,3418.338
4221.763,9650.283
9306.376,2403.9
7105.848,3334.587
7453.383,8096.509
5742.754,2603.758
9953.829,8746.328
9479.351,5204.336
2746.794,5954.829
2337.656,1806.5
775.182,7447.099
7661.476,1144.065
7809.15,6916.793
1889.634,7813.453
7228.403,1987.335
9299.899,909.706
564.091,6871.291
4661.29,6307.337
6737.888,7991.804
6343.918,5859.998
4887.635,7903.679
5820.842,5648.363
1938.454,2739.554
474.717,1968.42
6274.69,703.404
8568.351,6646.526
675.906,9007.163
2890.019,454.018
3975.113,6361.101
2728.787,2731.179
2771.791,7834.678
6906.697,268.017
3335.631,8755.857
6177.141,6331.441
8286.375,1965.207
5697.462,8643.442
6985.966,7468.541
4429.975,7931.095
1108.933,1659.266
7744.758,8268.925
9379.813,450.791
1090.171,8432.805
7389.741,9779.054
1095.256,1093.519
4419.861,7938.848
9624.862,1364.094
6589.37,4894.4
1497.852,466.535
6755.929,1891.566
5418.479,5000.11
1570.725,7575.089
8651.77,9686.751
6970.277,1688.432
3193.328,934.207
7695.911,35.029
670.986,8631.858
8608.469,9421.06
7292.849,296.19
8706.021,1241.386
2361.284,6111.278
2160.081,9396.364
6186.893,3161.87
9797.297,4932.075
8184.577,8813.599
5516.543,5574.604
598.326,3188.317
8920.613,6928.4
4900.629,7219.152
4595.202,1220.712
3785.815,511.838
9937.557,6505.436
7612.303,8849.352
8879.679,4188.472
6220.375,4274.51
6390.819,1660.191
975.067,6137.219
5813.992,4421.703
2308.302,8459.512
329.546,6005.03
6096.553,940.925
7831.707,9540.541
8156.287,7013.051
4602.996,8524.734
1237.07,4236.185
7571.201,3493.303
2540.469,2896.903
5743.201,1830.496
2805.902,238.384
5667.563,2678.676
5333.844,5118.906
8220.763,1746.205
6666.923,4695.104
836.005,8226.064
376.167,6845.42
8249.92,4568.877
3405.468,1274.292
4858.04,5801.623
807.708,3914.87
2990.045,8835.147
798.862,530.249
7557.075,9744.51
627.308,460.437
4989.582,7581.771
3016.44,4711.222
4572.328,2837.873
8672.03,4328.535
3755.465,9449.931
8299.316,559.582
7940.552,2002.65
9780.248,527.896
4298.064,7819.318
1002.391,349.185
3098.229,4644.927
7148.189,3727.087
9463.881,8071.913
55.092,115.623
9912.558,4779.086
1453.459,1879.058
1332.905,4920.254
2949.339,2483.015
5428.951,8339.542
4579.002,1870.393
7288.125,4712.495
4237.652,9740.097
2013.542,3866.95
319.296,1581.242
8249.201,7204.614
3793.306,2844.361
2335.259,560.617
1275.906,4132.177
9484.457,4259.835
8138.617,1204.356
1073.536,2745.077
3584.718,1621.689
7341.275,5502.378
6259.668,2541.02
2449.075,4565.412
3125.164,5587.462
5357.896,801.268
5140.832,6009.146
5440.732,2902.692
9417.921,1956.925
551.196,7895.756
4946.613,1124.001
5671.373,2604.86
4506.726,3945.127
2807.628,2207.166
471.734,9347.785
5453.523,2742.277
9844.691,5442.023
8493.131,3508.762
1962.638,7209.508
4722.777,914.257
9058.193,4578.786
9323.454,5814.903
476.744,8090.757
5831.793,5973.345
7273.189,5018.133
7877.277,3383.902
3943.115,4461.443
3937.827,3709.451
1446.808,2526.669
3709.896,4332.408
4409.325,222.872
676.706,8413.856
9915.704,3402.048
157.943,9267.256
777.136,8366.077
8738.937,8544.708
1225.828,4192.381
9365.688,1423.208
5603.048,9532.896
5833.814,4996.813
94.663,1904.922
9586.497,6748.544
1816.156,8935.216
2008.741,1866.065
5235.649,989.278
6908.518,3351.93
5547.709,8156.708
9570.309,955.035
5087.98,9491.946
5014.714,7943.506
5579.904,7720.195
5109.098,6044.028
2970.573,2138.151
3962.865,9124.641
7455.672,4140.446
9261.029,4644.176
9690.325,7245.673
1997.597,1591.677
4612.272,6469.024
7770.995,8244.671
1915.855,1554.022
2344.806,4508.562
8263.17,2645.283
6801.649,205.359
7547.113,8427.22
3699.292,390.694
5188.732,9984.519
9258.189,2939.343
5412.77,3718.145
1937.603,8103.483
9716.634,3990.705
9553.893,210.98
2966.451,2725.788
8047.203,572.841
3916.018,9189.63
7458.723,4565.178
7481.72,4131.782
7262.496,4300.772
4110.055,5772.566
8192.689,1418.86
6103.681,5016.279
3794.35,4324.482
6548.44,1749.556
6826.9,6704.64
4478.449,7543.92
992.08,7490.426
6158.118,5814.51
3894.233,4626.289
6682.742,9792.633
1586.624,2185.056
