5247.823,2154.302
5246.897,8084.667
2675.725,5849.884
6386.764,4213.711
8292.632,1313.348
348.837,548.052
6536.286,7893.901
2477.994,3144.215
6716.032,2000.61
8072.671,6684.469
6246.06,903.53
6057.296,9859.467
189.329,941.352
576.207,2451.816
7697.831,6247.629
5236.889,3340.023
6245.151,908.112
1642.44,5588.207
3179.449,74.615
3569.372,1463.653
7929.048,5970.79
7154.499,3692.866
6982.105,1126.159
9504.531,857.563
4828.496,9801.392
9774.18,7654.66
8227.805,4778.907
4136.695,8180.772
7303.147,8476.521
4656.582,6461.994
5347.767,8046.647
684.199,3507.941
1111.558,6749.887
6504.034,5848.247
2311.038,6460.545
8956.013,2123.035
7424.299,466.741
8001.99,9086.422
509.04,7047.537
9885.364,3728.624
8144.282,6944.958
5277.66,1777.672
4398.447,1821.486
2076.286,2862.786
9028.749,9611.555
6997.251,5018.226
315.491,919.823
7107.184,4009.495
4605.607,6313.193
3060.542,2002.839
2732.197,6593.743
2260.344,6177.937
3671.394,4703.666
7094.233,2374.988
8473.702,787.448
3220.811,2109.779
5973.794,2551.634
6373.133,833.375
1796.784,2959.598
4016.51,9242.121
7898.682,1627.743
3580.592,4042.121
4466.523,6429.191
6678.494,969.491
5997.42,8489.701
4487.691,2202.425
5849.913,2370.793
9208.446,3035.87
787.663,6649.957
7785.4,5949.873
3535.939,2460.292
9254.055,5036.219
2882.422,6482.53
8755.9,9782.41
4164.598,2252.094
2336.261,8909.714
2476.801,6075.351
1869.106,197.591
6079.974,2036.403
3107.737,5082.365
6932.834,3753.059
6750.93,4409.593
519.609,721.59
5437.147,7261.477
5968.836,1641.203
57.677,2315.824
1421.949,4973.576
663.065,8954.172
9506.881,7607.892
754.336,1710.543
5281.223,5451.398
1780.072,7357.768
475.12,5807.886
6931.584,3580.642
4704.444,8341.626
6864.801,9977.317
8238.184,8229.824
9610.282,5948.118
5631.705,6240.936
1774.301,4880.683
6746.363,7978.672
7452.333,9901.169
7293.794,6028.945
9852.996,2894.743
215.001,215.441
6917.732,6514.489
3173.351,9845.402
5408.637,5578.845
1880.885,4007.112
6000.278,2027.863
42.78,1656.302
1724.165,5686.046
908.679,7014.471
4534.388,880.134
6126.513,3533.419
1295.633,9411.643
6262.749,5453.196
3259.287,5582.859
5131.106,6796.93
5104.797,4262.512
659.022,7901.952
9126.661,5743.669
4253.007,1636.269
656.942,8398.155
8726.452,4939.472
9984.724,3114.663
5009.679,2576.463
2974.797,1802.276
1154.118,3006.108
4735.636,9167.558
2488.275,1716.565
7275.925,4297.562
4759.565,222.621
9335.563,1626.196
3853.376,88.661
2797.829,1269.728
14.719,6549.173
1937.682,7241.458
5617.802,9405.79
8183.512,4397.349
7616.187,6787.721
8003.724,3888.742
1158.151,2777.561
4372.145,5419.012
9720.675,6294.403
1523.478,8772.949
4563.781,189.077
484.179,9179.711
4575.839,4516.62
509.263,3613.834
5383.494,3728.765
6796.036,7198.548
9499.298,83.249
202.92,3420.287
8317.112,5272.818
2379.127,5243.936
5072.302,3610.05
9916.624,395.071
5246.412,3386.295
6531.982,2574.229
961.54,3830.968
8793.429,8547.998
241.05,2034.071
1394.206,9416.958
9813.308,8251.672
6374.844,5758.634
5453.744,9785.443
2326.572,2594.693
5945.874,5100.716
3708.36,4965.789
3740.571,6240.978
4766.242,1434.676
1188.85,3760.944
4161.147,1625.158
566.217,8065.53
8259.625,6235.557
6435.88,1176.271
4212.505,3087.916
3104.102,2290.098
5217.578,5044.462
1645.296,754.905
527.132,3254.238
6857.952,8781.194
3843.34,8876.582
9668.794,4629.142
6501.265,3554.286
5292.44,6121.113
7968.038,4099.943
9063.498,4762.175
5218.874,489.931
7736.129,1450.447
1881.517,229.567
9797.901,2240.004
7600.328,905.36
21.58,8691.08
1423.691,5217.572
2795.731,5339.395
9650.413,1605.361
3598.817,3809.804
5013.431,3393.818
8759.722,9005.341
8620.373,3706.944
3.452,2508.72
7811.761,3039.096
6026.587,896.398
4009.217,9067.968
6588.745,6729.446
2249.512,291.637
1101.303,9672.619
7882.952,9344.31
9599.175,2707.075
7353.789,4809.475
2049.756,5138.167
6409.983,3613.23
4808.305,8176.772
9953.881,7169.193
2488.831,3892.649
3790.266,4060.209
9775.124,9777.456
9419.723,4943.608
1444.511,9187.907
1810.793,9176.685
6669.511,2084.877
36.122,7963.226
5445.003,5611.121
7126.814,8536.393
3417.299,673.363
5077.9,6112.369
2845.051,7650.569
683.586,9535.653
9241.855,2106.805
6860.994,5153.697
9501.883,6741.639
6875.272,8452.44
6475.651,3489.157
3651.522,5324.437
5774.059,8351.846
2385.403,1909.996
8776.709,5276.256
4047.32,9532.061
3491.112,8006.467
4808.345,8199.909
3899.539,6827.822
2130.447,9322.26
3899.671,2337.084
2600.375,3946.948
1987.677,6807.184
8745.884,2932.17
4411.248,8168.277
1828.783,6198.59
6142.721,3525.571
7064.818,4954.968
9129.105,3593.439
3930.262,7102.241
3734.686,5975.126
9814.567,7290.344
3773.99,5359.366
8988.181,9875.587
3347.613,8553.18
6030.899,2613.946
8328.79,7555.108
1966.317,2395.565
3604.064,1800.284
4890.421,4072.497
1291.218,8544.493
2668.404,8583.429
209.035,6774.523
6107.359,3849.64
3694.647,7161.105
9583.953,5067.6
9088.347,7433.298
3569.882,3582.651
9867.804,7183.093
9854.241,9448.213
6621.725,9064.68
3533.753,403.899
4226.093,3657.926
7980.587,5777.747
8916.261,124.419
7764.482,8810.973
25.713,5659.196
3179.636,620.857
2445.279,8228.354
5499.483,5768.393
3745.727,4225.091
2100.554,1031.408
3747.119,4843.48
8695.551,9994.14
5843.593,284.953
4264.072,6193.663
4898.414,7796.691
2075.261,8241.083
4866.338,6643.214
3338.015,815.099
7915.647,6390.949
6656.264,7858.436
1794.102,3858.376
6170.738,5083.174
6167.817,6811.853
7734.428,6515.566
