2612.5676231765383,3138.7005017602014
3929.723855921326,2904.361370647364
4258.915197849428,3124.3118572451895
2182.945525319519,2615.894583096334
4341.723764100938,2686.566284398937
1645.2889437077292,3680.777740083272
1239.877473627163,2197.8562598345843
1944.8738737477731,2833.8776492994593
1634.6003426702448,3865.545232463465
2616.221321453419,3689.001101658942
2016.339166768928,1142.8480570680767
584.7440968445021,2394.0671449232877
3310.3222423021143,1355.8533144052733
2753.5588476700714,827.0801271653181
1081.7290966961277,3056.430782970494
1684.0063742302314,1029.5513053297464
2461.7947494775713,3368.3369466749427
1473.4620043570153,4253.296365692757
1520.7854857934735,4042.0538224370584
36.5291972820969,2431.2686692693005
327.1354456497161,3273.464395620556
2138.1094103098594,4810.740914287239
1917.790752618398,3546.0338235963654
3068.3712282384695,2633.9413385844473
3556.4517505752474,2279.783795141259
3005.666803291517,2525.761823531644
1045.9365188726624,3251.1464139987465
1479.501117755851,3135.9808088742325
1018.6693374205897,2246.0226310647286
3584.8778732237893,4870.551498319548
2118.974606696903,3899.8255916469493
2892.1648663215524,3232.826692322582
1789.1080702452373,2326.4135281436506
462.16854448421054,2250.316175077191
2521.723682714696,3402.334425324034
2665.3752794158067,2917.0492974292415
1893.3313294948887,4012.0554030259073
1854.0955034009273,2721.905180211561
1304.5760771783616,3337.9543086315116
1106.572768368141,2228.3789364065988
2709.5103705873385,3891.9149883114915
2359.54211509281,2921.681506603722
1589.2902878943742,4054.225918484004
2374.2744945579498,2531.8298395782135
281.8744728679651,2403.4706356010975
304.5205004305549,3177.0733617424257
641.31381885365,2591.371941867547
1866.8467703119943,3098.6281475902756
2886.5243735504414,2211.708808515311
2324.874093557474,3593.603444287258
858.5190986305394,3256.452827372393
2152.814206070454,2295.7203890209194
1548.9414410128552,3035.584640373601
3027.086874687958,2547.941986051708
1451.913469321401,3747.2513337847445
794.7217679917346,1727.0760827664674
479.48422169982246,3348.9473616342675
2678.4804148686594,4799.511097347637
1014.6708836587138,2724.1761620332964
4251.531963303531,3836.1458857801344
1248.5862133638375,2888.0301013638627
4602.711079779202,3999.317780469022
2259.8893651565486,3653.086121712969
1416.1380315609003,4712.966893877157
1292.3981642537885,1856.6503095235128
1748.1999331128682,1908.2870741677725
3821.369326158737,1553.549887068903
4089.1177601446657,3035.90917058834
1792.6165298930373,3260.0547151689934
1170.419028527414,5316.441206332911
57.39153944342843,2517.035991910049
2867.4809060410794,1788.5673442175187
2013.3130536052724,3242.3386470586406
1852.3102982996847,1376.487880317954
3336.35964269268,3066.9519056792333
1533.7161681211,3221.15618540773
3190.491158832783,3602.7764095614584
2204.9660945557475,3330.184947354303
2615.988957776349,3488.6034476183304
1841.4506988420105,2378.724200498363
2307.244091531036,1205.2571630837892
2836.6181775651703,4497.532029823926
1960.26366259307,1870.551054210622
436.96040558992013,2807.558302893835
3779.4962228141317,3715.025707641473
986.4201108380112,1695.123544224834
404.3744106724753,3236.6146069880965
2110.1168453173696,3473.4994462795157
3290.927428248435,3954.823731939687
2635.7022216120913,3099.3856410508115
2163.576051679894,2702.6884200011145
1951.0043234734992,2949.8370349471265
847.4814994870992,1130.6569013079265
2951.150614075468,1874.7265738052376
2068.3196574754297,3248.7148460319377
2961.595647434698,2641.5148687907667
2023.5328907857618,3885.120880158612
817.8679549351048,2069.0219456503246
838.6886952983209,3769.918913665902
1878.9758830901721,4028.286901154182
2215.419125023604,2617.919173103645
2381.65648901221,4354.629546291639
1763.9508489266018,5474.521817952198
838.9835346611821,4645.274780503143
462.1414611601583,2357.3143575376575
2486.5954639526835,614.3427844169869
2114.5614334508564,2621.8999033000296
4076.669085499684,3958.768869923034
3486.0664786899106,2789.2641572589037
742.3221768372389,3961.364835242721
2488.1907138449355,2224.0764358183583
2781.457881170614,1516.6553420526225
282.5919518238172,3200.1118044445548
1765.4997262371785,3301.597632406595
4856.5540664356995,3690.8441941058295
536.2567829326299,2976.652354504298
2268.8045447423556,3164.5879668275884
663.0465576004724,3276.2105493211156
2112.1117586225387,3765.7708059711244
2096.0027304651685,4521.881242971684
2409.963765741064,1124.074415757038
87.7638939087467,4401.486785629541
2376.3127499782468,3433.4269464022627
1837.1574061717424,2891.862577960306
1728.84236797497,3243.230660441553
776.8515960713501,3692.3536347385125
1747.603222730456,3926.3477143350256
808.3124307366425,3693.478660287953
1617.520338093586,3833.689395911977
127.40526055522128,4703.048339857923
1429.9200101293816,2700.772492688602
3521.660183338764,2512.4323491494606
801.0814486924423,3766.143154515279
1327.7523791565263,3096.1545828927187
1966.9532116155535,4163.2885352761
2762.7687118514923,3373.2370821865065
3716.723604926106,4350.040032954106
371.5817205492408,2920.6263893052774
629.6072298129927,3128.704770667554
2022.6734215742235,2770.4105076662804
2819.7220487303584,3114.4242209967792
1953.4944723604337,5942.529566193491
2342.0824843132336,4057.721005270536
665.5685443763152,5059.41892440011
2250.2184918812513,2240.9184607339935
862.4020713644879,2496.469417045971
968.0479692230869,2939.9325594100546
2000.5018798464803,3727.246966715853
1170.2969727126424,4151.63956171367
2907.2522730099504,2496.1226474607015
2253.4009941676804,3110.8061462886453
1002.7539187224638,1405.7425911084117
2154.8014611489407,1825.1447499849287
1452.3842042956721,2894.102857439728
2784.077108433896,3382.5661019417093
2169.8194612790703,2057.71962006394
1444.4895538634134,2485.971467429383
1414.5430375226856,3394.786785483268
1991.7979670793993,1930.4058223076065
2729.4189873970286,3073.2218452449238
705.8783410971523,5200.245131559181
2838.9368061621517,2418.9784498676354
3880.098728998605,4277.774659688617
3777.2302867535527,3446.383372732561
515.4719629859653,3257.6395313252356
1335.1586372147012,3439.7704629568752
478.9021637121225,3017.8571033591725
2829.178438389718,3800.6968998841603
2829.701566113298,3362.502945668173
926.3530983778178,3569.598103135142
2262.5063982902348,3085.7584129177244
1958.3099927629246,2296.05063124712
1120.4955933170036,1751.68204116529
3274.0532286129423,3954.776356605969
174.44783312135974,2500.6934304775154
431.98806610535803,3568.52588645591
2666.8750667264276,3231.7667443116998
843.6301847875377,3536.690332932018
4400.836769956233,1589.4849371327894
1273.465373385392,2616.927921202567
3846.145671929895,4420.525297234362
2150.558874952657,2569.914649879566
2834.4728218510327,2560.5736415835927
159.61559804800163,4360.494963591245
943.3537931514309,3187.500472588664
292.92495566569505,2421.0858354122292
680.1009034308536,8431.655661408371
1532.1536750657297,9917.0
3231.8236653457243,8195.67722250053
516.9986042342628,7969.124292381713
1707.4059790992667,8721.108987712756
1557.0274228453413,8753.466568199574
211.90561524993177,7748.190311916834
2402.5122388529317,6376.0515073090855
2362.9015764137916,9545.0
2394.446890165198,8988.196365141117
1420.4888002523526,8479.250705799046
1945.5095547041399,9087.616410788545
2238.0141689087964,7794.99113723022
3188.5130117635126,9038.789629890014
4167.190570987781,8947.706804739595
2351.259411416054,8647.018345490435
3938.779026951383,9069.589268338466
2229.9677961710872,8802.421169664742
4071.680740496105,9712.0
1239.8263219495282,9145.14882870545
3348.5997168963895,7239.121315653583
2461.875852835889,6910.973371671499
3976.910223873293,9611.772372207093
1907.8467063576957,9069.093637822578
2485.849913149917,9779.138899817619
1239.1221530860487,8994.358498090702
528.4246529368402,8470.821086876756
3367.0004443341595,9565.837171831172
393.05168507399276,8033.964732222682
2386.236644282285,8963.76073838523
2185.932034665071,9479.934592615007
2120.0403957760877,8669.94555195553
1952.1715892609407,9705.0
426.64749694278294,8834.379872286027
375.8404775924323,8572.242257096334
421.62225320443713,9646.457353035063
1909.9719525061528,8737.274492365921
1231.965354097123,9914.0
1300.4226686927977,8818.44603607187
1279.239641423766,9573.0
1474.8209219303533,9414.80169149031
2716.0129765895954,7576.404955603513
3279.561496739303,7569.899831151617
2035.3925583984515,8788.710336230475
2569.252478242556,9133.932073568589
2001.5743596242921,6547.203482875243
2094.660296619471,7187.959715415232
532.1410181107904,9524.297206619542
2934.330958442321,9649.0
1216.1728579943865,8830.701189358575
1389.8264839737644,9692.0
1403.7064333135297,8986.404448940735
2533.8857556738544,7704.205655074128
1141.3711645952312,9883.701148707376
1135.4665414916808,8600.605385798743
3506.579255039577,7803.645374383824
1677.5403288758873,7990.78451220046
3497.8368548715007,8823.630677127952
3427.253982932578,9256.676855865097
3495.1430406071468,8591.119102498458
324.53357538283467,7709.160320785404
1355.6106320613712,9520.0
1401.4204723602936,7971.324591277027
2229.819612441564,9245.177308531212
3689.7016766200854,9149.41831179036
3346.092521187856,8242.79867121055
333.29188911121537,9868.443386783538
283.30636635361884,8346.819533317923
887.1052783368417,9760.898715104024
1771.5855822557114,8797.427187112484
1969.9315311394314,9267.35953553994
2632.542485607837,6447.055538248007
542.7424154316536,7251.223296635771
3113.975711461073,7705.292767499382
7230.878008120806,4480.164149940286
7703.035876501687,4265.187230424408
6349.941493149254,3950.7292422493992
6548.200489753467,2891.857697182403
8503.82262967018,5857.581256137606
6689.095639260369,5729.530181298284
8741.815683738665,4757.906616526411
7252.792738455566,5723.178332761133
8075.704165564917,5945.8459410442465
8846.640377432019,4914.725723534381
6618.228413156323,3746.9028621809102
6981.334440316788,5194.5040409084995
5265.694058209602,4551.168590246709
9219.006864074348,5293.358697643464
5642.59211231753,6063.638258038278
7539.81513606771,4339.480537225141
7258.541352749141,7695.251491514697
8033.161575558808,3811.6567307308733
9594.813715428607,5472.564258770931
5374.340326269758,4197.5076417036325
7477.057930773005,4897.341465144228
6986.028032074222,4036.683068416241
7873.591958802204,5569.983000066428
8122.232525304541,4978.339320387341
6233.003724127196,4803.738666086082
6477.86506172085,4575.124522473921
7679.211304000957,5333.161023474653
8676.899774058264,4802.7129497150445
8674.913060236957,2599.422564567976
5947.545346098186,4253.8374337743135
6643.563950539505,2841.515389396967
7050.661616585245,7164.020631668236
6147.512362232724,5314.06000570673
8292.167223900678,5407.680799510368
8530.272976387707,2559.7053648669284
7323.206375770964,5767.496039485192
8272.46527163538,6446.262409143981
6135.561053535317,4546.240721467985
6200.36947350663,5838.310129692122
9619.185460790131,4903.037613313452
