666.3,1343.997
7066.522,13364.16
8347.712,8088.403
3534.126,12067.925
12621.7,8201.861
3820.15,14684.683
1062.217,2031.85
12083.38,5983.905
1514.417,280.021
12411.445,14653.714
13787.422,1653.875
14936.962,14850.393
11450.371,5176.34
9564.401,7006.761
3229.735,12467.863
4616.959,731.071
12266.076,1368.668
13243.94,5181.199
8942.725,15522.173
15700.415,5621.324
12452.013,7563.315
13155.088,10345.671
1168.12,747.745
13803.249,5861.829
13275.936,12263.281
13319.288,5383.956
15095.27,6195.382
9112.034,13804.243
3533.341,6171.436
7725.634,15602.121
9661.505,898.545
6292.929,11966.007
12262.988,14173.111
2717.662,8459.688
9165.317,1461.926
12649.89,15216.962
9303.679,15466.785
9229.282,7660.595
12713.55,12040.047
7873.165,13047.674
12741.212,11322.252
3472.933,558.739
14497.722,11780.565
10299.83,15032.507
9266.229,9407.115
1717.186,9758.327
2969.156,10738.051
1159.319,13117.897
12538.641,3658.284
6191.889,8835.482
14814.509,13789.976
173.565,13398.588
14310.662,11114.829
11026.946,6556.44
8475.391,14011.725
15527.293,8132.065
1396.668,11477.939
2386.159,5957.134
3899.756,14005.902
4429.742,3121.892
1700.88,10114.993
9820.804,9925.122
7152.431,14382.764
4019.513,7119.616
6350.729,6566.488
11211.873,15730.979
7702.795,11849.841
10506.415,14964.905
14447.64,13395.319
2665.51,2892.707
2114.873,2388.343
3520.518,816.463
11415.5,11633.942
6111.947,9268.367
9513.702,9438.692
14725.484,6890.775
1421.04,4025.574
6289.863,4067.313
12287.812,6183.76
732.613,5581.174
6099.901,6608.8
14420.343,10149.555
2107.568,532.101
6693.199,12670.994
1290.906,14794.942
12022.81,2155.391
2044.53,7088.165
8056.874,5439.517
8040.323,13255.968
10648.554,10253.932
11362.994,1342.415
4368.56,6575.121
13616.315,7687.396
1047.502,10315.65
15332.392,12306.216
50.647,12261.05
12043.943,14026.798
14801.136,3897.084
5434.745,320.721
2338.284,10386.815
5052.43,15688.414
2363.003,7067.552
4387.45,7208.363
786.509,6963.09
11522.889,2552.822
11636.445,9638.783
13240.658,8142.559
9862.7,5933.008
15523.348,15078.773
15975.871,5107.961
12780.324,5732.589
9500.911,10750.624
15525.379,2959.706
7515.615,7478.738
2439.161,95.757
3455.691,13661.131
6581.392,15653.913
1068.476,1693.955
1792.26,769.698
11359.494,3126.967
3527.158,3954.817
9879.368,11493.258
4248.665,170.476
7438.517,9575.784
2121.64,4330.384
1742.946,4127.543
13598.599,11956.35
4237.578,10760.629
5845.153,7921.82
15266.076,8872.035
10875.625,4314.769
1266.784,10360.108
7358.231,1497.447
11234.127,9994.024
8826.269,3501.402
308.307,584.038
1802.37,4642.14
770.642,4657.368
9518.835,14481.294
15823.43,8065.613
2317.372,13657.528
13968.257,13711.134
14968.717,2590.669
6128.237,8050.126
14465.164,14670.179
590.394,8150.02
15806.421,11259.861
7450.44,12938.132
15254.64,8996.244
1477.753,11308.623
3342.738,14168.688
5814.092,8924.753
15631.057,3073.316
14457.052,12377.868
15280.824,3638.561
6512.58,7129.434
15557.881,4321.706
5172.819,8428.817
13752.199,10479.064
1286.949,14765.026
1502.752,4665.765
908.119,11020.482
2066.63,7044.049
8514.975,386.061
9719.509,6498.975
15688.161,7851.986
14301.717,12683.864
9853.045,10903.034
3789.723,15000.361
13298.761,12184.192
10524.368,6637.254
13437.818,11380.783
6872.87,14051.198
7353.791,7737.134
13590.268,542.941
14234.974,6992.028
5493.014,3709.624
5446.423,11789.447
3834.459,11854.609
11949.86,1614.134
7385.662,12961.937
8933.985,4435.312
7949.504,10976.464
10770.942,12985.524
10672.427,7168.173
6526.73,4825.752
15438.16,6950.723
11004.03,2645.227
10531.774,15750.164
13970.058,5017.928
3678.759,6059.374
6231.057,13110.494
10522.489,6420.122
14500.808,8311.774
8079.438,3742.567
15738.639,7267.201
7674.188,9767.314
11393.793,15927.087
9194.046,3331.702
4884.154,6234.537
2637.161,2031.625
15851.189,453.092
5183.071,10338.459
6294.077,1807.365
11194.109,598.851
5252.922,9015.995
5843.495,6397.399
4490.542,2887.444
13661.05,14517.05
3948.721,12835.137
10118.836,895.561
11131.879,5663.13
15512.704,7793.273
6122.252,7288.316
15017.741,14803.577
2573.676,1945.05
14049.082,10513.924
14074.231,1558.978
3755.733,12646.509
15231.674,4774.206
6026.743,9362.861
2378.103,11918.565
7223.804,1602.893
2659.674,9942.428
10568.005,883.094
10212.062,5684.205
15881.776,5425.482
4751.774,14745.301
10672.019,15127.683
104.653,9222.174
2735.587,14010.916
5843.122,3934.316
1285.638,11090.225
571.567,9724.961
5470.46,14157.187
15715.811,4284.73
8935.142,15791.417
2911.125,296.672
1022.929,3445.443
4731.92,12389.835
14273.935,4875.94
8342.781,11612.175
2118.472,1467.853
10453.799,11286.369
13568.399,4801.649
13951.336,11081.631
10394.581,5293.974
7833.53,13441.802
10393.777,11661.586
9934.692,7530.501
11489.801,13277.884
3408.021,11459.66
10176.787,13152.914
14146.267,15186.61
5931.331,2696.178
2772.112,6180.305
2516.548,12426.026
14610.017,7796.801
15480.756,5547.5
14873.94,7001.373
4009.3,10139.476
13820.311,11203.216
1483.776,4897.923
3422.746,8324.184
9439.188,10586.096
15689.751,4960.173
7785.919,4261.355
13314.062,1129.582
9538.759,14544.597
7702.688,9636.348
756.155,9011.018
6106.3,8870.798
12606.494,3348.721
9914.499,12551.117
15111.959,2382.235
14439.594,4614.196
8164.491,12794.462
12585.319,13506.777
7103.883,8779.465
10337.476,6517.168
12246.89,5630.541
4496.563,2700.19
5025.445,1397.565
1425.675,14899.484
5996.972,1905.116
8386.207,1199.058
14288.374,15878.793
776.295,830.913
2252.973,761.261
7423.214,1562.316
12388.486,9894.594
5130.988,6650.788
596.663,8303.712
11066.464,4576.988
12127.864,3894.091
10330.546,7219.632
8098.831,8613.523
12237.194,10867.517
604.353,14919.801
14261.783,8220.547
3760.768,8188.741
9437.765,4285.834
15410.656,5468.827
5755.404,7350.113
4188.446,2024.178
27.058,2921.568
14391.051,2368.996
5949.923,1771.414
5671.914,10806.072
9279.221,9422.212
1316.212,15927.629
9642.323,15309.844
488.256,4802.343
2950.225,7454.12
14879.816,3443.171
961.74,8141.881
10769.81,13678.26
14676.525,4766.808
10813.616,9934.061
11717.168,11965.662
13060.293,15239.66
8426.57,753.929
1579.498,13172.41
14847.397,4138.066
8763.868,11254.539
2821.352,6812.694
3996.625,618.932
628.578,11214.185
3414.2,9309.5
7070.362,13865.134
2572.343,4008.255
6471.065,2959.525
12249.541,13752.84
7370.558,15094.449
12545.039,14732.131
470.045,1596.554
9984.502,14596.575
10818.263,2405.122
4952.325,757.338
3765.085,10909.971
15474.109,5393.741
4128.29,7775.214
2275.229,8601.718
9751.017,13534.991
2838.147,11101.364
4545.314,625.11
7628.519,163.165
7948.602,2328.606
2617.819,9455.183
3185.361,3117.556
15776.416,14293.902
4667.398,11968.837
2379.024,1434.419
8930.221,9696.39
11622.306,14928.838
14826.879,6848.783
4185.414,11276.838
4829.242,13270.461
2325.212,678.505
14898.055,15859.605
3345.344,3619.147
3609.721,1218.462
12431.383,12495.926
5322.279,10370.718
7384.281,5923.956
10826.491,2232.902
7493.87,8691.449
7324.848,7122.033
8863.609,14280.661
14097.218,5632.388
6700.287,12799.556
9837.723,540.633
14972.88,7261.248
3817.447,3046.105
2118.361,1890.502
14349.79,12056.583
4704.633,5828.853
9371.724,4782.874
1529.66,2002.567
3759.348,10511.203
6009.284,11028.887
7151.048,3516.448
4324.829,10665.613
7239.28,4784.935
15571.426,1504.606
15987.615,1050.24
4403.295,2290.955
13821.646,10206.459
12751.097,1777.268
10221.12,11398.604
83.089,15957.34
4528.664,2255.814
9931.602,15972.322
15632.652,2416.391
1219.765,15056.338
5827.452,1119.883
1616.93,11229.424
8495.972,4589.508
9201.045,6453.408
11336.179,2633.93
85.792,6355.395
2407.94,11961.151
1813.336,4880.938
12986.381,7518.937
9029.279,7184.368
7039.638,10432.508
1051.082,9325.051
14050.772,8558.925
4033.477,6937.626
6995.428,3466.147
5454.764,2712.477
1368.091,15924.046
9636.216,7266.915
472.927,5247.066
2326.842,14927.476
13196.122,6678.359
2067.761,3876.786
1083.62,7568.712
7268.111,13477.501
13111.138,1542.163
11303.382,136.757
11049.988,2691.09
11610.66,2782.705
13501.588,604.634
6077.237,5268.655
10230.197,5168.42
3376.621,11813.979
1487.58,4294.942
3484.55,7625.615
456.752,11552.407
10530.951,14883.854
4550.927,15425.304
2948.288,9041.43
8870.868,9937.645
14239.294,2047.616
6937.448,4228.266
11204.038,15483.499
6327.946,4764.432
3983.508,15239.986
3174.114,9180.292
5143.998,8803.2
2054.996,7186.982
7428.358,16.808
8846.324,6283.756
3624.811,435.021
1439.582,14893.521
400.933,9530.664
10173.662,11308.539
2188.836,5605.941
2226.39,14769.19
8226.814,572.719
14548.621,15216.186
330.812,8375.125
656.53,12055.987
6900.65,9387.294
15155.499,14288.007
11622.86,4327.345
3186.136,6678.478
10856.011,11083.358
3533.338,14368.29
2890.972,1688.681
14144.902,11747.159
5145.722,7160.858
13819.479,9679.385
8393.813,12732.81
2815.814,6197.93
11918.376,15049.259
7851.103,5985.501
2882.453,14042.373
6048.219,5524.449
3789.986,12851.724
10999.857,13978.88
11.114,12912.662
11896.683,7533.93
8149.466,13753.316
1123.555,13786.347
14029.775,11003.909
6898.915,2618.88
6673.486,3511.768
14543.319,13923.2
15201.205,8610.616
2202.909,13863.203
8000.798,14211.362
5876.142,8922.14
9081.055,7040.339
5477.47,5110.698
14265.933,12878.023
7779.199,1304.938
1114.157,402.458
6978.096,15359.477
12277.227,4574.414
3062.5,5311.852
13559.602,14972.136
15023.129,893.44
6637.42,5076.308
13420.501,6274.509
15338.292,10527.4
15108.632,522.172
14814.986,2183.241
15860.99,2952.808
15790.777,524.122
3291.46,10661.352
6495.116,6558.312
12803.426,7112.393
7170.472,15572.097
9861.751,5985.463
13709.967,15804.886
10421.303,12854.744
15127.795,5371.783
14363.568,9663.255
4839.389,7639.633
12527.664,5646.639
13540.078,6288.209
9548.96,9428.71
1272.447,3089.856
7515.791,1504.263
4323.096,11758.613
6483.139,14751.168
9615.35,8424.669
916.505,9775.024
1157.761,3852.589
13528.496,2526.489
12309.803,15554.047
2012.713,3619.244
407.125,1602.131
7703.106,11645.756
7773.44,4552.123
12963.659,5522.505
14249.261,6395.912
13009.165,12521.044
6750.858,6218.983
7252.366,8619.674
14455.017,11255.82
12600.235,11203.628
13688.802,15106.816
9099.746,13189.367
13091.697,6198.446
6503.649,13928.491
13849.547,13623.4
11647.287,4586.435
2504.151,3928.126
2682.261,7082.52
5638.846,5895.092
13573.561,10520.858
110.117,7409.148
4902.505,5891.152
6005.536,2362.253
5594.767,2326.018
7085.379,6970.564
11103.163,15894.801
14351.809,15186.239
417.1,1564.873
7020.493,3250.342
7798.237,15271.484
3568.425,11758.39
2376.606,15992.96
9252.77,15043.505
6225.853,7602.387
8910.148,7324.37
9698.546,10200.86
9093.725,10305.803
6484.093,9837.662
10630.565,3025.704
14141.717,15269.674
10223.551,3237.125
5585.706,15213.947
36.685,5417.068
15421.247,858.863
14357.5,3320.795
10267.103,7688.74
4666.176,8104.66
3885.652,11820.105
13715.375,1721.347
1100.07,3076.668
2744.995,11383.656
10913.123,8193.763
13684.413,14146.913
4446.479,2340.512
5960.775,736.109
5284.331,4702.558
4411.772,1286.519
1429.039,11926.557
990.412,4092.714
12263.358,6736.339
7816.62,13975.343
10644.038,5728.498
15459.094,8992.973
5098.939,7786.191
7097.882,13085.187
14912.686,1486.748
10664.482,2519.694
14402.242,3666.837
6942.567,4569.874
4958.48,4766.373
5498.592,1681.32
6148.564,2670.473
9684.255,499.338
8690.453,3327.937
8294.407,6329.182
13655.17,8539.501
10100.403,8085.937
15765.299,11791.179
2226.256,3090.497
8808.24,7299.285
2670.622,7196.022
3994.232,10361.335
15765.036,10378.005
773.12,12778.217
1169.677,273.393
791.43,5538.355
7651.84,454.115
14543.631,1888.938
7433.128,13790.001
1375.493,12552.264
3580.879,4197.523
1499.537,9125.713
3392.359,5576.689
1789.715,10323.449
13926.408,15405.709
8587.13,3306.018
7898.143,1163.62
7696.767,158.571
12801.704,8045.241
8098.121,14332.194
6384.926,2518.547
10995.672,1016.29
14367.769,13238.36
7783.097,6111.312
1503.298,14731.09
9304.737,3105.495
2924.346,6575.582
11354.09,62.556
13908.338,12457.329
13091.897,4773.031
10898.95,1421.804
5101.336,3626.686
9501.283,7663.534
8362.359,13588.172
1341.014,9536.309
13784.318,2937.249
13072.312,1505.017
10235.951,3615.075
10207.456,15108.239
11625.662,15854.426
15259.686,7587.043
14282.248,8378.008
11056.873,11568.387
71.568,8435.057
3407.255,4686.792
12744.308,2171.651
7134.96,14409.773
5831.151,13254.298
7935.458,14344.988
12003.458,4612.022
14999.902,395.834
5580.961,13683.411
7869.324,1610.807
14818.89,11452.853
8390.78,11870.87
2314.116,1576.114
2840.395,1205.976
4801.571,13988.957
10624.244,2050.189
15640.694,8672.086
11961.433,9081.505
2572.002,9802.831
4713.954,3773.301
545.321,4834.555
13212.276,5242.712
3680.834,8310.749
1509.85,3818.568
7308.256,9347.075
3391.563,4514.055
6587.073,9178.773
967.269,10994.621
13566.725,6511.583
11189.167,1371.346
1949.9,12933.735
4717.497,8037.061
6649.914,11774.271
7690.891,1882.528
11802.007,10128.497
8796.25,11530.767
6060.191,10933.997
7728.055,13430.797
5482.705,6570.797
14941.043,14431.152
8208.325,11441.776
11064.597,1660.196
9091.321,3576.029
4982.189,13994.362
15384.858,1326.917
6871.405,14518.375
6179.44,7750.069
5527.542,1188.418
8967.694,14129.428
651.965,2757.695
3061.25,4339.351
2722.493,5727.321
7951.423,10481.296
2869.736,15414.33
12161.13,2634.32
10212.068,5394.033
14216.855,14812.686
5488.293,11517.598
14785.285,110.439
12170.408,14204.42
13868.635,14413.439
15662.089,7479.965
2647.938,7997.509
1009.239,4756.357
8322.933,12301.789
9734.695,5076.628
9864.113,3883.265
12045.227,15538.305
4591.793,7491.834
14694.114,5338.297
15611.044,9636.828
4903.192,7026.834
13997.942,8725.347
8985.763,10846.253
10155.766,13341.656
7267.952,7971.083
6054.068,5727.201
820.629,13755.35
9959.414,15202.101
4290.183,14089.767
12240.718,6446.349
4114.162,12549.217
9092.627,12419.602
15151.269,4035.278
1261.069,11839.518
2404.087,2827.249
12412.651,10489.725
5095.216,14992.654
11406.865,4452.14
4941.145,677.278
8635.744,6052.931
1811.032,7565.902
2527.436,38.138
8377.311,917.158
9877.38,12506.301
985.324,394.281
3535.665,15827.245
15648.401,14730.839
11320.907,1212.942
10284.721,14322.467
7606.052,11073.713
6996.874,12848.927
7051.506,8593.349
6394.584,171.173
4634.098,3319.446
12292.388,5944.447
4215.892,14176.415
9903.037,15802.194
15666.125,1101.816
2216.675,2097.837
12663.718,9173.078
129.631,610.758
4508.498,13666.596
2718.158,14932.148
15072.04,13453.239
15158.398,10105.09
8608.38,4827.279
4307.953,8808.241
8452.661,846.247
14746.968,3563.71
14647.83,8153.593
7500.83,9546.297
6765.438,9577.635
13606.064,15170.671
3120.883,15830.479
3698.754,1656.735
1413.218,11804.648
5618.124,11629.82
887.957,772.161
7187.837,1973.537
7104.742,10110.566
5773.645,4173.399
1725.868,4055.403
8882.909,10837.028
1520.878,12335.218
8058.577,10732.609
12324.49,870.825
164.152,11114.459
6656.62,12049.923
11414.923,9995.429
10491.547,6388.811
3724.812,14711.884
6966.386,2698.82
6820.275,2239.579
7245.965,4909.934
931.369,1585.098
11222.731,4789.582
5706.055,12323.053
260.549,14118.257
13775.656,14232.2
11354.349,7056.47
2409.352,9652.804
10862.319,5445.034
6057.74,8569.401
15042.614,9856.616
6299.703,2972.808
2471.251,8117.288
8409.269,1325.985
11580.094,12489.938
13652.078,13257.089
2617.129,5714.292
15587.868,10690.25
13435.916,15471.646
5404.708,13047.34
13012.865,14819.374
6130.357,11750.691
12000.372,3229.37
3699.116,464.948
13118.298,8666.484
2191.927,13241.235
15105.845,4319.777
12514.462,7885.193
920.238,10042.291
1988.85,8299.305
9644.237,2826.915
13387.932,11492.867
6835.793,13808.767
5053.039,11026.327
5649.28,8178.131
5965.3,1776.111
6488.352,14332.081
4038.42,5084.909
1699.461,3856.745
4040.887,4419.246
1519.684,12299.99
4427.774,8996.338
9093.719,13969.876
13746.589,3383.899
6180.79,8941.534
15218.365,8470.618
3242.941,15818.513
4492.883,10554.462
3020.446,7468.248
13068.508,14.384
13469.248,11546.043
6437.997,8448.31
15067.929,2932.452
15042.636,8353.21
4071.234,813.823
7147.533,12830.577
5641.159,12438.611
9425.3,15257.797
14184.164,5914.384
11786.752,15919.011
9845.577,10171.048
3040.956,2876.892
273.679,14128.486
2870.826,4293.478
381.462,7434.606
3288.279,8383.755
10328.228,11523.68
4255.079,14078.768
3861.491,1069.701
2870.96,1837.412
13262.875,11472.664
10766.687,5163.241
8269.38,2314.338
11362.851,6849.222
1422.504,9718.892
8719.614,10487.327
1605.868,10190.764
10509.226,3638.196
12012.075,15434.162
1226.581,15723.528
12941.179,366.404
4025.044,13826.308
3434.998,6412.165
12953.087,3617.836
14230.498,12814.08
14327.066,7748.355
9254.211,15968.022
1713.486,3935.417
4508.982,12907.786
554.166,5365.037
9624.392,14390.425
14001.042,8304.317
11962.192,9748.707
7679.824,10484.862
13700.612,9507.309
10652.922,7841.437
12661.304,5381.554
8326.07,14447.659
14711.503,12958.805
7321.541,3031.539
5670.692,11417.971
3793.339,9950.834
13859.819,124.936
4076.336,8117.928
7975.38,2028.859
7631.956,3039.189
5312.44,5581.85
9335.64,124.168
8695.417,12084.632
9666.015,1757.594
13987.748,5472.691
10047.932,984.467
14073.09,12799.2
1248.731,4715.282
10044.243,12279.603
10449.054,14795.64
12478.24,14395.744
13867.183,3322.846
2761.424,9556.633
3328.833,251.762
10654.137,7938.394
6414.184,2974.37
4671.187,12483.61
6986.644,3695.209
15357.608,3526.351
634.385,5335.555
10611.744,9760.657
6709.277,3799.81
4907.802,12113.901
9231.312,4621.43
8347.783,8724.626
4497.833,5009.656
1684.664,9125.578
6261.633,8199.997
11653.171,2025.803
12059.522,13576.366
11242.93,11314.328
10595.345,10268.111
10702.948,10108.152
39.255,2962.78
2463.263,6380.788
11862.154,3696.094
896.826,5003.28
7401.745,14885.843
9696.741,15543.534
11618.153,14046.757
1847.941,2447.175
6118.644,14701.036
6487.914,15078.26
9803.747,5736.415
1858.342,3981.451
15307.13,1155.978
3849.837,15433.503
6372.421,12096.726
5431.49,5685.955
14763.927,10254.91
2937.452,3423.747
2371.592,5779.2
10112.252,3657.625
3546.684,12834.29
3113.576,4511.975
6788.049,13246.039
6927.544,5415.105
5724.402,3744.167
7419.462,1713.295
5194.849,2864.627
8643.124,11491.1
398.311,8552.671
13128.956,9754.939
1325.683,390.271
2869.249,5605.307
13951.047,6171.386
9932.706,3847.624
11859.996,5038.411
14107.97,6579.81
4037.313,668.584
2024.585,11507.38
1161.367,4471.669
15700.41,4722.467
4380.351,4069.623
9295.11,8582.501
1446.345,6069.928
12396.639,15872.975
6817.612,5118.857
5248.538,3479.605
13210.142,4177.17
8662.705,10023.497
10963.692,9888.49
11348.291,12940.743
1686.507,5029.245
3817.205,239.058
10005.38,15079.309
4946.057,13768.374
6134.962,12550.839
9595.918,11484.771
9642.747,3884.732
14198.203,2356.818
13658.161,5108.902
2852.648,13625.393
8015.69,10149.825
775.674,2599.696
8243.024,11982.286
2172.285,12298.982
13063.624,14727.085
7918.992,10821.313
3332.125,14800.468
6986.972,8298.612
9404.445,5104.818
11319.218,7758.678
