7969.242474537787,5242.178232684093
10122.193523575266,1802.6830887909164
7428.739142650051,2153.3590300078495
10957.755782796812,4873.598042056106
7420.049626355436,3975.2637543152223
7421.858329469146,3530.711243475938
8209.037452542118,5491.999163091687
8300.072812199354,2665.791459152204
7992.772646961946,4071.2109096122836
9593.62697958612,4568.034733173921
8564.506502328544,2538.0062611243006
5907.025520406474,1093.0070724317925
7330.473294611509,6125.942959862365
11988.67757257392,2761.7292597976393
6859.856482730229,5028.967290102665
4957.704279602236,4868.642097589034
5584.578282293325,2247.0237393745174
9164.458771742688,3982.8666013932816
7252.522171052287,7397.015736004587
6926.205148821787,3751.727121698727
5272.663993464763,3320.1015381148773
7632.06313500333,4874.403622863239
7299.06081477718,3604.3248785500723
8448.766383257942,3187.553955756584
6634.727692786059,5046.0929024981615
9360.014783866316,6708.946434665111
5061.891306397156,1547.0465248013766
9548.135181589021,7926.503007352204
7343.486210760298,4200.440254430768
11228.336542767303,5810.010455550818
7956.895154077878,3633.92249537163
7306.064471708937,3465.5627803025654
8354.618657838022,2441.5875858336385
8467.908877557873,3719.4452184341862
9154.635367556724,3890.5395102961015
6402.378738576061,4857.758538408918
8024.970659988126,4171.692861863122
7607.261537308058,3342.8663558965886
7887.2460465726135,4549.553309664618
6928.064089504032,3502.1818195193223
9456.265374020852,5016.41133713687
9175.387690042404,6608.203575694681
7613.447936835778,3675.3018136974756
6779.281340571171,4440.924842885145
8789.90327603481,4488.592854118174
7994.421106536089,3259.7287947482796
5364.153002749082,5340.327818850895
7041.371667443499,7933.738045845334
8477.19499953318,4794.18812027085
9223.929317804821,6096.903433276806
7193.413130085058,3848.7908130765895
10026.465962188917,3707.6428279621337
7486.871025897712,4249.1176767274055
6902.3223945959435,5161.187829485425
9927.56353836638,3594.4975266970628
9621.434047550523,6031.58356528862
8765.85913076952,4303.674199364143
6033.7318550757045,4471.610092365419
8866.998323953878,4180.951277782616
5171.450263343118,4653.824086016188
7687.493122499519,4185.885887998003
8961.154598591342,4493.008505448524
6516.967364584088,5471.3893347499925
8465.625524438814,4481.600993867934
7974.111578444441,3085.29798251209
7435.182746971136,2444.944382859558
7269.783585533276,5940.743901157866
7615.491644020655,3918.615107318653
11051.01046815731,5168.449886705787
7527.3078047741465,4574.1267831595615
8214.684119577161,3362.553601398175
7986.440366179395,4338.576514022777
7567.050155982638,5364.1016662265265
9956.48238023884,4119.569550025691
7215.4999515796235,4443.794716880562
4244.309123169051,14682.669863807763
2539.725648146217,12677.051774055672
1666.980861801314,15568.0
4759.260272288501,15699.246556288212
4823.338229246686,11133.359179512121
3298.464912718057,13989.616063477142
4374.920914543351,13035.18531297964
5494.37669090458,14903.449173349947
3329.4276431388735,14473.887984263356
3720.8123872722044,11563.65885198699
4278.731051132981,10693.973592319937
2915.5820829490026,14705.39420548633
3452.0622459034003,14291.18238805545
1657.0949339418362,13896.660421233897
4073.995634276873,11258.66511169852
5345.853654861776,15138.018667031289
4624.718320790089,13042.166137467464
3864.9750501058716,15595.0
4994.885311306559,13793.869858864105
3249.3599317122676,13820.22560698592
5853.396813581917,14831.182874674729
3829.3973718240927,13928.877524500787
34.50898916670849,12423.407444427095
4989.997810129964,12657.54936410319
4041.210747476848,13685.150263395262
3713.299095522674,15629.0
2574.614526643309,15877.718500129135
1419.5875144413822,14823.198492062933
4367.88566721259,14515.660074946923
4754.601013359025,15076.241904756647
2642.7327516107484,12390.954733935063
4462.264821711014,12888.82227822692
5809.1540671615,14364.588221775848
2598.9804575376947,13236.26195390408
7175.574594815687,12950.869939317474
3772.4906138597767,13590.567916289878
3834.2048179095455,15203.569785936816
4160.075005373916,12766.917554389456
2616.4175645030687,12570.602191278998
5217.615471405933,12819.65056078474
3204.346517636132,13222.855792714601
5457.92595726692,12893.0711955536
4144.232371498919,15104.32987678625
4497.1955915961535,15537.889609755895
3225.2881752062676,14235.171840054722
2023.7758166378037,15435.681430387061
571.5347370590375,13924.054427942083
2382.824472499545,11881.102395392034
2728.661472160823,11757.634058759597
4953.2726527371915,12771.035940928316
3987.711972478033,15910.0
2643.493063686141,15322.388311412466
3549.5818664343524,15236.787053551552
2263.325154399552,14313.80271621934
2320.245705816843,14617.018585089485
4860.119456671923,13341.902288693725
4315.7283953296555,15507.727986605216
3722.4133908345866,13040.791181624068
5011.858472643822,15898.0
1724.8863861671844,14598.991636006725
3709.2766217755634,13247.698368527903
2081.244116418654,11319.65262007534
2913.9767722608717,10841.441791483758
5947.11064064609,12332.649043104175
3449.921359238998,15146.372449400134
4640.687450004061,14269.093798717771
4003.0658814029757,15408.198174483412
2362.3957870928934,11309.315804028025
4649.9488100213675,13911.816867201695
5006.955239973882,14342.469703675111
2350.5039823215693,15232.39568176922
3931.1911526094395,14449.497797678096
3810.456578854649,15526.766141413726
4463.199213659822,14688.868288581089
3780.7604406670057,15620.0
6054.321366266181,13031.491352885037
5511.29444842612,15340.928056522516
2062.8174178736203,12676.69438207971
2958.270529064506,13391.092921606905
4490.069121862345,11909.640705489857
3295.1603322224273,13544.249717312023
3347.0438056923836,13679.213235125644
4864.918886522115,14279.76324639862
4046.903418517702,15768.0
2796.907053385775,14948.990506440232
5630.098815753379,14617.697953785699
3906.0320116052826,13873.590784850054
6776.864419881414,14141.596195867964
5199.762497785542,14991.222612416614
7383.645263096138,15959.696896601834
5448.976410971123,15495.866191619492
3191.840752933755,12847.925368075379
5198.224517575545,15456.443919728476
3306.510948089199,14340.543167999114
3678.1844110354555,13912.911471498906
7768.03453018884,11660.88615605767
2956.7962503111485,12304.473406171988
2814.354448429683,12849.168379152456
5478.676036707685,13431.198277709122
5247.780376508766,10220.301859326471
3357.4653004915217,14080.065017785559
3095.26808189732,12701.439278021013
3335.3522617276003,13798.266247490874
4733.60734968183,12980.022303839667
3847.8998103079252,14471.538794898546
2148.6507081341133,13784.897775206118
3962.533683765307,15566.0
4833.3279164944415,13252.962647834662
2402.7225418680355,13829.973300020045
4332.244678302321,11389.329499929892
5200.6402017839655,11456.45908705727
3757.716676495785,10692.75626922816
4871.10380138789,13497.15009224598
1399.3272429921258,13980.20844910187
4652.4297013333135,11625.724154918504
2757.0036058345186,13302.419164733969
2298.1941756507886,14401.943086049921
5015.2584439787925,11178.918157612527
3431.8110901242053,13710.255272780258
2315.834699424073,14119.222648196856
3481.718237703242,13444.149641728973
3628.185821460187,14285.337781142156
3941.378639077408,14472.561284152256
4993.50310564932,14438.301105279594
4575.048413270863,12947.463360628513
2924.867906068599,14643.636743171923
4369.794642521406,12850.157736949197
2509.134191143592,13167.60694605928
3132.946548130173,11653.634027598056
1918.7627624685642,13405.396836176831
5001.6925333258105,15922.0
5773.375597379958,14164.580110252095
3717.592168128085,12623.685766721544
3768.4606674121355,14043.445003418014
4921.061974817389,11245.232230652178
5878.691187088807,10149.432047283954
2839.830256250294,12165.637645414641
4154.788016339036,12214.197497793184
4393.028704950722,14932.516453021892
6345.6442107744215,14812.1973804891
4330.242022542333,12183.869388444078
3281.715943761279,15822.352461357517
3995.3623420414337,14813.835615114418
3939.8572951451647,15496.721014015111
5117.1804778799515,15539.0
3729.165271925621,13060.69355906178
1913.9629002817446,13596.119212030311
3225.8210351563234,13552.11795071539
5384.616543510836,11879.641708665706
1740.790637448546,12488.006720084915
4921.303468930366,14911.250997245803
3963.9664126277407,15477.317753975738
4781.6257956037,15497.13116184664
5297.851365445396,14124.630192010698
5052.337839199292,14826.879670824568
6187.4214439634925,14018.756567545963
6566.525008669593,12668.36715268308
2850.508165397873,11452.30760518755
5837.288826548014,10427.200756947863
4250.111237439397,15598.048520797392
5907.876585269611,13152.17763252877
4431.433487227793,14495.422580108934
4249.703188029016,15860.883543757147
1805.3954795425816,15244.836202707833
4033.051913691748,12049.805827371614
6692.790228740652,14647.39180713993
3716.7152484064427,14718.618809451278
3054.5582628927355,14889.99443962341
4301.7737966530085,15940.0
3058.859899840999,13793.421419170883
5083.512667330806,13617.61254034112
3753.355348306038,12273.57419413826
5584.973952225982,14186.14927661126
5144.659448873836,13829.144150148764
4397.365989903929,11399.830700751158
3952.026923620807,15320.139896345661
5086.794541554007,14551.780118954806
7145.7796982754,15718.0
3899.348938056048,13402.153671776738
3764.5793156777195,14651.811933189754
3577.510560542548,12693.046762442356
3489.30323994132,15339.875664569257
6311.831255854084,13811.676718430119
4883.496009690425,12748.987639202944
4699.334796450834,14589.928222881086
2948.9508210259296,13269.764356215679
1855.2695832441073,14392.809631194608
3274.4219398558853,12208.562792704719
3358.610370693437,11065.241832921954
5517.872003063622,15325.245624552726
4547.735094006232,15798.0
2999.652350876836,15823.131030458928
5961.880095807837,13844.335695681575
3073.270520402148,11523.399220354242
3091.818872863977,14369.488658810125
2860.666698445489,14773.618085998329
7156.531638168019,12872.946092028405
6468.521579411112,14320.855024327631
5921.453183400057,15946.0
4605.316918105268,14035.293935907455
3497.7427897926727,14994.774624627004
5328.0041180203925,11255.447283789179
3130.663444003341,15064.284539606408
5667.550845565171,13030.674643566725
5060.57242433648,12142.839621384517
5687.875146333303,11794.895542108536
3657.7573437313863,11455.043794539612
2094.046282285226,14338.415612413808
3433.685245252249,14099.928289475749
3367.871502494893,14561.659556169263
2565.087112016775,13208.443834643467
3744.167257602517,12403.92038208898
4601.3475324167275,15698.0
2683.5552428700585,13226.239374634048
3502.6903129948682,13517.278402575808
2475.965753153746,14225.311938794586
4223.2799184489195,13533.430644561879
3922.719508312013,13366.712127111163
4582.09619806908,15227.833320420923
2698.9129602122107,11828.144377325134
5790.288841858621,11183.043561680839
3507.7839516584454,15322.013914967454
4665.729512640444,11600.427520235575
5338.919930023056,15556.651429487294
6481.562595418469,14224.643216869747
2278.698124527872,12134.926517517686
3470.0730051260034,15128.209133291597
4785.535660994415,15401.065625507474
2257.8315408569183,14921.63718897975
3301.5617788067166,12718.623637626815
1541.2866115098836,14025.361876470351
6157.815677820653,15634.0
4116.010579954656,13755.207362354877
4914.703924772736,15199.197387508617
4712.372932948989,13373.209461670704
6339.573612304241,15123.68408963932
4330.547981354366,15939.994257057679
3674.178180960334,15070.151489772306
4471.622636584022,15594.172267484586
4890.03092561228,13685.448147366948
491.056831881388,14655.29509804997
4174.697299237702,15583.9350052079
3197.2540032216866,13922.990338881227
3896.182963618584,13583.991920470702
4602.518426328335,15242.639440312287
6213.436793934881,12036.41566453338
4943.0101324182315,13254.7787976493
6621.985313959412,14342.905459444486
1565.6406437194437,14242.93159742123
4977.380601076246,13362.400646629618
2180.8234055552084,13239.584535839069
5497.202097922516,13981.771246472079
2427.292543195814,15790.0
1230.358024045689,14474.407570360114
2714.0561707026372,12951.23979651799
3162.806667538294,12375.262451634379
4032.9616431224904,14157.097386085137
6564.2295625383795,13877.197711149945
5195.411921564067,12544.293294479143
2676.0374331607063,12172.757884804392
2287.277715388166,13388.104763029087
3079.961163316747,12334.388329220346
6340.744497117503,15415.147596727345
4464.331036951483,10902.918652452807
3902.7027153514982,14534.627909186827
5595.242889417238,15617.0
4105.777412670694,13137.963050565937
3418.0047169398154,15001.037833482942
3784.775471748272,13978.705089464635
4535.234674388279,13881.55596097132
4272.092229706708,15432.632904085014
2967.999078805602,14551.072703565123
4265.470766342591,13847.444712929206
2213.0834787763793,13162.66761191575
4140.620562949116,14098.733190569319
3523.7960332237235,14206.837690068895
3225.7196799531725,14617.96472791406
5635.15068156072,14315.09757858108
2990.470505581229,15939.0
3978.829761144959,13098.080543143915
3361.7680326861773,15125.917329645014
947.0517530375678,11872.239823263266
5454.209920382134,11835.491894462653
6209.848743833825,15606.676371560681
4698.671863394817,13782.615830652827
4814.629918756622,11871.89900891385
3494.420597100223,12839.098106222775
1317.4807503170296,14741.37123786596
5392.690653909951,13827.398160095574
6343.021346746511,15169.083522607945
7450.851563155446,14343.096564723333
1165.848718937828,11677.736202377035
4672.299734285958,12696.176881812497
3305.168544865488,11987.933657327678
3621.9816380428024,12857.096142136179
6160.873709311365,14974.568391816963
1469.4499306937519,13864.885880698956
1565.6894891731426,13053.42244388828
2206.498728973687,11041.8784202327
3209.837348825967,14054.72103960124
2430.314082687145,13607.751339814136
4629.554126011938,12011.482637648627
13061.274055319824,14588.177934885218
15141.797046493706,13471.168721492819
13293.51124637681,14244.657802697931
14375.88324590619,13832.61415398752
11868.811520901489,15322.749000116642
13711.299568134746,14277.351049759924
12932.539613213261,14244.578781262286
14301.913592644516,11866.394646078219
12109.236858965456,14438.538821044302
12850.594925917325,10905.451663716613
13728.507982903913,13822.715388923412
12280.095881859923,13241.94264897588
13555.86245783797,14920.139809037582
11663.83493459889,14308.40491550654
12585.997195300384,14439.37292438797
14627.136866046767,13580.803521617454
12458.086640477146,14770.66246807566
12564.766138128716,13150.517996070037
10202.909507250522,14758.400272280049
13492.86042924139,14330.671198715738
15270.463285971042,11021.625362127175
14709.308593511521,13177.38809847134
12367.350144503485,12529.254757128754
12282.232851938712,13646.316172814677
14718.815477234155,13389.804609115068
11359.769714193348,12418.230033473177
15773.268388392396,13395.200558207503
14915.822772510599,13183.226356070276
13074.338551980394,13085.189252184597
11478.789039148065,14711.264817539346
13151.824559300794,15293.649956673558
12992.357451872662,13149.489882732003
10581.450020862287,15708.0
11035.709647654316,11439.365435075153
12870.38371697861,13184.566086665824
14625.00155781093,13021.720259904305
12991.895389954349,15486.998753584787
10020.470644618073,13865.17336249311
9601.461508992239,12309.92137503592
13775.077893091864,12873.634903577184
15522.789189813053,13662.849037686705
11886.10503091707,13201.92403554529
13808.97129486273,14868.067160659075
13988.875426487357,14926.236207153897
11370.342599267246,14503.419276203613
10808.398688449823,13997.568559804311
12006.085653811215,11829.303081005039
12486.735899619915,13493.26659154245
12739.767411224897,13258.502095478869
13287.249232291362,15489.928912003897
12931.218697351484,15295.21667446412
13185.136152630781,12155.306297258347
13985.072935614013,12295.538915358415
13395.10830763755,15470.203910348555
12696.001772431426,11384.430784216383
12766.732358440426,13660.233867983721
12458.66311898327,13542.319175941537
13317.851528898022,13565.678310604748
12675.092035835014,15076.993770417837
13775.884602758417,14286.529884585983
12023.010952543627,14407.92943838126
10595.386931028033,15719.69201100047
14994.610823074798,14661.292591308338
11803.738581048125,12257.060940305924
13366.877782874002,10925.555665642023
14351.840677097356,11221.53196075066
12273.297291132016,14233.52887917198
13700.673430441295,12073.99174168819
12764.780241421715,12175.36408791324
12923.581322770295,15519.0
13147.339425325346,14755.646427270258
13726.33838276413,15868.26155665796
13818.153020759206,13810.895273122704
15092.043272105788,12712.672726839195
14733.109386995935,15773.0
12562.610172283798,12857.660433588553
12888.820981451176,12131.835651456915
14033.853751496765,12596.558303154585
11494.939150957895,14993.299720182817
11239.357969267796,12202.268270147715
12299.149132252694,15520.0
11927.489490143606,14099.623348188763
14934.950256259282,13778.300528832231
12871.160279862608,15720.66172259331
12444.845807020714,14107.63216770602
11111.720688498553,14910.357543194588
12280.973432841427,12642.722156406739
12715.762979247878,15556.0
15847.324120367823,14828.445554362686
15586.0,15402.635817613673
11704.176964317798,12616.131201839502
12505.064035350862,14742.60904853645
15500.0,15633.969509595578
12046.032007431302,12475.805807906476
12383.585230663386,15692.0
12155.325189996778,12381.150011095995
13865.361009763554,15225.56075509386
14566.260696729236,14016.701965974093
14653.947392453221,13418.800501998847
13740.027591788818,12296.777931408973
10146.90615916518,13805.194109804368
12941.274857510252,13735.225073484562
13824.506345280892,13801.244638430955
12300.969318086929,14348.59834822564
14039.243589117374,15442.972757897252
11127.66141108798,15377.937606139234
14286.203748080696,10294.261907035778
12938.525621063067,14437.362344093368
14035.693482710001,12377.460985145846
10548.322350961957,14749.426373787102
13598.093999030163,14488.33572921345
11760.36045828833,13317.534465598492
13686.307505531488,15028.478404995876
12612.297753538833,13658.292758495796
13322.15940362574,14541.402570686807
14474.5623437949,13120.054581935148
13920.518314145744,14685.880091960837
11998.18907789699,15553.248662065858
13613.460532934641,13303.599924226279
12572.43989250496,13304.85063937409
12560.366961869298,12818.088484411557
14875.993717058598,14743.183617873636
13725.830493049209,13215.437732700482
