3179.0783101721136,2460.4893447337154
1711.9269874115898,2175.1824383940257
3228.8474794219287,3975.828254881402
3095.0482837828795,2083.5598638599763
2222.6474930373065,2739.897480676987
2195.730087204368,2278.6811732295005
5319.967471796916,3110.115111553609
2580.6709125792227,3693.729586436068
2172.8288413417013,3211.273092649895
742.5071612319985,2695.562934086354
3557.431002043936,1200.5293056119742
3355.4558199536978,5018.898270890035
3798.996416731726,3765.3961709224927
3144.251760030771,5023.969189187808
36.93829549087559,3732.2485994953377
4174.4931507198135,3416.6109358639633
1351.518584988627,3823.3984763072854
2609.341762920011,3214.1381690247695
5728.580150375304,79.6153090631974
1994.0195362012153,4781.844137553202
4127.981048800784,440.619414965347
2699.8342840663263,1225.3896852787832
2949.4094573167768,2213.381305538246
3724.4689472190526,3146.157363422343
201.0732581591319,5956.769996639637
4239.303541201038,561.9947423107183
1017.3928370352785,2545.6259735493477
2837.7610274952344,3183.2389517416705
3703.709547275616,1622.2286250401896
4928.707243822065,578.2034263627302
2648.586969995308,2810.449533194531
5039.9783888310885,1625.2249059430735
4864.163924755075,397.02574123198656
3372.5894155657948,2689.8798785922586
4317.3944286442875,3959.486280452207
4293.65405801835,223.690065767938
4229.746531699189,3013.9925703797126
1646.8109115586751,1649.9384698410008
3190.5990039191224,2210.8477752884082
4307.727909686845,4456.596124695861
1902.595889575183,1771.3582348931154
2660.274596159845,758.1231936820882
4452.741153724461,3293.487384308286
1144.9561294618718,1917.281447739643
2909.453067835125,2538.993979364671
2764.7079143338533,1158.8913362833919
3908.9279885935966,5482.260099048421
5475.510556661976,4807.899605943296
3776.91135831588,3991.74397418137
3347.2823907298102,3411.863302839432
2866.3213808717683,6198.341033672918
4332.235777081548,2692.9176807274252
4520.864942177182,2318.1946959317793
3136.972397181752,6151.35186454428
2215.7369796843905,3006.6164748158058
1425.4890412170694,3006.2380848914613
3473.834180966159,4563.065919274662
3881.579967784025,4215.257524602195
3748.4352342849365,4022.4141968786694
4203.549560937545,6056.440217321831
3337.629749863451,789.491177865521
4908.595608810861,3082.580356071223
1545.2425983004566,4844.1919878685485
2184.119198205479,1185.4309462989934
5542.358601292072,318.0009356061423
3614.9832630752035,3458.176103461969
2373.403651273757,3111.6787851971217
2005.803126873744,1376.069317256054
1489.3612560167899,4303.758408007505
1226.076827293857,4060.326609084219
1056.3846046107808,2564.946103243833
633.7932856479129,4823.3862994528945
2679.359242189815,2546.5279847493343
2899.482349350124,2060.407097858888
612.9259701384394,6717.788060150206
3455.740845791289,3838.498457040508
4157.5904000639475,5198.3614070814565
3502.247945887525,3490.9084470828166
3696.117059504061,3918.947458300917
3139.1377403786723,5191.397038968482
5463.12729061844,4918.871344650189
2774.201367860441,1712.4288076739822
1746.3146349416832,4169.730170700899
3274.334343794764,4277.387495438396
4265.11984254005,960.979263797037
1312.650203757005,4302.430843610606
3434.63024241699,846.9096664444601
3509.896267363691,841.8081760347231
4066.7591603128103,3109.515475225059
2033.1248038067474,1992.0901308074967
3371.065596055588,2699.750996950991
113.56856977168036,629.6952077044534
4755.361399243301,3118.0041432683875
891.4925987302036,1265.6997186669394
3839.579192109775,4419.478041256282
4200.450150621663,5093.885148588065
1907.522437624179,3265.231734833368
3938.7620765796405,2680.528758137659
4578.36271960543,3719.6679155770285
4855.643549691528,2656.114486221572
2115.562327335664,3594.6495211221163
2372.519081279664,2863.853549412679
2814.40271266763,142.389206007354
128.1814646086341,3491.9988649199777
4582.510633005587,2731.6308993188004
2171.4402637940457,1611.1349237013935
2215.498968946619,4340.691048236537
4030.8216043785433,2332.6211481123128
3473.7975512471244,4653.497066806967
2803.4617922992197,4685.519595187985
2476.7991598503163,4388.531218253454
3058.045018762327,1935.310112540359
1571.9096095690247,3298.2574736338056
2971.8881073816297,4494.775720037743
46.96377305398437,1813.4939268925345
3690.323573882747,3020.3138936283335
2384.782464675674,1743.54484757205
46.2134365413649,1954.3058153448496
4617.609795937296,4324.860850751584
2599.4439324845634,5209.668805875166
2894.0949802489454,2308.7631481518474
4159.969362780131,1942.64220065844
1836.7970719975547,2902.079559141842
6272.112322711808,2924.337064742016
2175.4970668476817,3688.7081589083505
2650.3895661517663,3051.454279047693
1129.443033430591,4921.38970430474
2925.696449279221,4670.841830833032
3537.8445484672034,3673.494332294184
4300.444697900961,1169.9539997759398
2891.119216591528,3274.182507853914
2626.45874128695,5760.709755602789
507.68192129751833,1979.5733047467224
3807.6282140466683,13291.252775559451
4874.706946834187,13393.659520402538
3339.0498574868575,13978.710369302546
5090.590347686233,15296.466483022266
1626.5857414325774,12626.989861746273
2487.282088977341,13855.378120937741
2363.224855287487,14222.142039595563
3026.15860642939,14490.676344731943
2547.2495309827736,15921.0
3233.265915251355,15169.314286880435
4291.417003663273,15417.175172437996
1365.8106315276973,14269.721540027476
3859.5685686886654,14346.893079695265
5075.101057166561,14830.990367181586
2004.8266044957538,13651.877740046077
2907.5259719707124,12061.333959550047
4811.2918581048425,11894.774858967354
1956.3581076561313,13712.852147365313
305.31279179256535,14208.120906084936
967.8280108420461,15529.58385776734
2772.3305608877663,14182.385295578808
2554.0053543817107,14932.094741477187
2423.1510741534817,15826.670404643655
1932.5587999263137,13249.969314631975
649.6436712918307,14808.273392415857
2203.328507393853,12474.141376404888
243.29962354584586,15950.0
5090.772922553706,15591.0
3060.283121594446,14384.404827507518
4743.320161469154,15224.724573718622
2420.5999829531765,14342.262979616065
1527.5352809165843,13256.096042640267
2855.894556837922,13941.253241657967
443.1085803261449,14144.93757144633
4360.53734064813,14661.640313591979
1507.9376608956577,14408.19994197628
3213.366040244634,13829.641231448635
2827.060634646935,15983.0
6627.672160143216,15161.552588531793
3106.051325507688,13623.758183404545
3732.4818057113625,15846.0
1088.8415271307147,14380.438430300828
3367.7889769131307,14851.47283736826
1387.115553064345,12663.975778468099
3926.518285075348,13112.862048465757
4053.9482558788436,13041.267968099017
2339.1710560285183,14968.54716978901
3305.204456030453,15499.64337562247
1109.6906405117586,15379.001526560965
3253.2672449482952,13088.869975290125
1436.6429066302271,15575.0
3900.4156592340746,14327.949913464745
6347.266595345884,13416.478056617438
1332.7154620539031,15657.0
1942.5451261876678,15928.695462029904
3445.636603637825,14552.73592345964
34.203095373721226,12882.382254177019
4608.370619206347,14964.38980764448
4352.816256283385,15696.640473671378
3259.975797619976,12851.993816906446
1043.1842352357874,12648.97219727648
2165.7395651579086,11147.719453487629
3073.028097071721,15029.527080393891
4445.734438923146,14941.77963190502
2589.348244172227,12939.861619946732
5667.619995696865,15844.465619490195
1764.0565119883713,15669.0
992.3459404326768,14619.429612080781
1126.0295469317011,13694.69349050167
2152.569697266741,13386.311836064155
3577.6814576302127,15253.765271743208
2479.503110509039,13970.891588875502
4503.359700173885,13908.563052982794
3817.437192505176,15130.359768440447
3104.9874061323103,12285.436820219977
4136.8045611305315,12334.26654810953
4196.742192772436,14160.778816716855
3318.1978212378626,14562.72546129915
923.3318707185003,12009.694453398459
4154.033715563628,12118.952210752303
521.4892732403364,13043.85069578712
2393.124516937942,12682.606223322495
654.4875676942756,13096.342190470492
1969.2511451612513,14758.59927594989
2533.4081868202607,13119.86407088068
3572.9277910121996,15335.161932716686
4092.799666917431,13625.596332110652
5019.651272803728,12022.838147976536
4421.9669594185,13875.122950729246
1306.9685691884767,12040.479041220451
2825.5073409133806,14662.607218673153
2780.7568077235496,13204.253853845203
2900.9664562069074,14709.390182149304
5880.745250361902,15630.0
2131.9923474969683,12251.752137916912
2613.0089285917566,12819.839722350232
2872.8125821572357,14097.153273692058
617.7137710484117,13597.822990466959
2692.4623511608365,13686.746927284912
2137.216056216047,12748.258566301927
2939.3581757911074,13196.629965028736
2807.447097293787,15934.744910774014
2385.350903814081,13650.375982061412
573.6420315452078,15482.31209221629
2126.7532489135538,12914.946611082003
1711.1919636337846,15037.52264749409
5485.782125414267,12159.239164805482
2117.781635178222,13857.270239514299
3934.8243195517043,11975.91529444018
439.2842122798893,14977.144056268698
4259.146923002257,12274.44925453765
5021.132095161654,13119.022007097143
1084.938174310664,15465.50080714822
364.1536316195252,14371.518880253197
3779.599759511695,15474.010820378138
3618.3847781966465,10732.727106944958
3715.1526945513983,13045.67010935215
2633.833893172625,13344.888336495596
4897.10058151792,13121.287311750255
3196.2330118037476,15713.0
4107.306289922944,14947.664634982406
188.50513387743285,14606.382695522227
4556.884143569325,14459.934126366063
4994.487391177145,15177.358782426401
2484.0402844169944,15349.214556219486
1610.6580530505207,12293.17468836527
5142.604926143127,15317.841896838077
1886.146660307647,13550.335398994052
453.2567060979695,15893.0
2624.694892956784,14638.295426925908
2289.1810334791835,13734.411140560533
3282.6124698511553,14784.47814491501
3768.125570292814,14085.229948553757
4117.17015937258,14373.65864347163
2566.274174215675,15836.0
4187.570161530233,13534.763561291325
3635.738845919134,12336.380599567769
2811.177857330126,14452.82457423096
1811.8426703596062,15167.64931554583
2693.7059709452456,15719.0
4628.801783602302,12492.195272712144
2842.6456095784383,12922.299145295807
1105.2935302376084,14608.830130604445
4715.355687144094,13521.395338369935
2849.660333694567,14183.59644704766
4854.161930122469,14863.889222339174
2542.041058357825,13846.776463439792
4603.16290082852,14935.777244001545
2135.1000958946624,13663.51605446903
577.9599032786164,14099.823861425064
3535.550188995886,12787.56018998686
1070.2668673936287,14814.564963703271
2265.923904007628,13419.053964212646
2728.847931507169,13435.19907006422
1902.2696635489121,15940.0
2294.70198450334,13263.683639890243
915.7612213808547,15609.318649599136
5664.060367182359,13651.240383134178
5961.30908976613,13227.675317984242
3646.807803957776,13889.267758075574
2300.994413174958,12195.250342164343
5011.729898442514,13400.731096547956
533.9581280520742,15732.862610661843
6055.46498012471,15451.911724574364
15731.0,11819.097668632407
12903.895055932955,11276.645596974415
13984.289193323517,8801.841668698467
14330.752512575518,12953.143336004976
14009.281875261086,10190.810872007352
14314.592361673494,11109.119517843123
14829.63826263401,11434.005880582463
13081.481876996078,9280.065187406433
14569.242291039205,8349.216882763085
15962.0,12303.053738076766
14231.109424594646,9072.390642730672
12009.736133239925,7565.341627756383
11706.737547192515,7834.8849683400795
13927.728319070779,9747.767003522984
14884.782600534925,8777.919092905131
11743.850102122417,8618.3045022598
13477.154283544052,10917.792056491986
15720.605543116913,6769.879689997761
15527.616006239099,11281.969261415261
12679.089093476134,9247.181256758571
13849.564518405323,10626.477948121254
13303.984707426123,10373.630844958247
15241.861892679513,10333.954129579226
14888.529728764272,11076.36907844961
12490.036611286334,9994.04839119856
11644.575206257949,10659.67408721804
11514.388473239873,8703.563504149692
15244.856293535735,10691.098748621474
13986.642037219895,10618.812793579236
14267.529449828624,10874.09492618289
13221.72407917476,9330.197116850577
14468.91309017886,11712.947637018493
14284.82503613313,10060.597116278564
14332.620699459228,13745.281630029525
14903.51553272983,10169.2815617674
13053.140698332798,9090.387570842127
10695.295753913455,9535.758079607373
15733.0,9604.052542754007
13096.631376148756,9386.44151319984
14830.796909235154,12433.869763032297
14702.616782124063,10249.237791168516
15206.396346230835,10220.302658227352
15079.256414155301,11180.445978542492
14341.167145953375,8250.485993606217
14263.57318938501,9773.823728523428
14726.84294715428,11641.608950822749
15533.0,10495.16067531424
13422.362307829777,10042.024651316433
13542.286435927406,10665.63267212232
13360.82698252002,10153.492745119833
14088.762543069735,12562.528887255266
13360.276857663705,11226.151246256104
14098.553110602581,11687.237863194423
15405.60764605142,9349.543436163716
13239.377745746604,11139.901013664785
13565.946867413813,10476.768637859124
14455.811069230635,10502.971810777357
15657.0,9361.788543084538
10773.98830956823,10012.164960016089
14096.796240172715,8934.257144836949
14762.867866509987,11427.813252592134
14382.480538643733,9643.063727697223
14128.00376201989,11172.979863828805
12740.013574054226,10278.904724135456
15540.0,8942.555437124534
13268.288472551016,11072.702847275059
15839.842760375474,9964.006947472704
15513.399119587286,7499.787172224804
13681.720657959606,12422.024238662669
12399.221862633414,8590.648233871056
14049.386557819305,10131.687352457999
13793.531771894817,8856.433957338613
15748.0,10203.987983647306
15221.878314271435,9427.84984673928
12415.085029954309,10221.67634770429
13981.637110100763,9195.1766460488
15501.0,9561.429414017017
15969.0,11744.249921611998
14229.351913371702,11101.567238062687
13128.260105180108,7345.419820765962
12513.508227416496,8394.288084759713
15732.0,10357.17047934414
15640.156593361204,11583.12003634376
14595.102591390236,13055.506612330853
13141.550707883865,10025.90550205083
13848.50579075301,10940.247165854402
13244.368687187123,7796.291262636407
13482.8706965312,11700.038360368682
14082.954523650626,9177.877111857222
11455.549236496265,10578.856632575482
12839.516220529722,12698.588447924061
12582.165191161435,10988.80383866658
12867.469544598574,13295.209217598578
14091.331645088248,9204.1426106784
13593.562744826188,8243.203645665719
15717.830987845482,8285.801775192767
10849.37885824524,8994.211232045578
14559.620313571311,9818.002415266968
15616.744275423856,11308.026245475368
13669.532068773939,12222.67480972053
13757.445727603663,8319.991743726789
14427.814264106,9339.777769263705
14294.566546771392,9103.034650896992
12939.032156764388,11900.80244488033
11480.292465833627,7276.205124030093
14033.339687584292,10230.457454511943
14866.77676274293,8866.736840678435
15913.591635856461,10788.145708518092
12968.307528993275,9916.227953693644
13012.476816083215,9971.034446498126
11866.289413625334,8607.331091127033
14301.422780306973,10255.341852940175
13380.855307623548,9910.996468791778
13855.140802425556,12378.09230249499
11896.892867369574,8017.504261725723
15740.618194691373,12774.866036738711
14144.907659480805,9786.956820114661
13209.610055257865,7984.37018723879
15764.78630631361,10985.645549078783
15935.0,7207.745012829144
11922.646324823065,10193.214551770989
13230.809952358573,6818.979805228238
15572.0,12332.281595439947
11617.37923725454,10214.346608463888
15506.452548598292,13399.393290587515
12144.41553973857,11558.348504596705
15863.0,10998.494446385417
12787.883033685739,8660.36742799947
12461.500157463683,10565.630221780977
14613.382103424587,11818.128017876457
12915.348401031837,8959.020599642527
13706.922016365403,10639.186422553821
15122.2993954078,9675.926548801965
14312.559901908764,9949.230310474293
15929.0,10817.070130479167
14960.30411070622,11335.141926258004
12729.032638790555,11447.79819957394
13878.959221647687,8374.523573597955
13984.424050508513,10873.271583486106
12529.264977426275,8737.628516850342
13829.39666565206,7962.305956209676
15617.0,8557.381169894774
13580.686794561469,7059.309052817322
12960.181084641896,9255.752116556054
13732.020367564346,10516.675955942046
14428.751665440124,10196.496171522287
14807.232788373452,9275.403485357576
11216.534874185294,9263.762834646192
15136.859347823356,8376.251732286088
12545.404409564504,8174.676418330258
14232.776639375603,10495.548078417476
14625.675087824482,11076.323032666343
15585.0,9499.3697278449
15937.0,9663.579610227524
12929.511207620184,11784.945887427173
11112.78803048285,7770.192399979779
11431.60167483188,8979.563887269203
12678.280492249827,13073.290307563444
15682.741657397337,10029.531245915687
15595.581652853,11194.530645448216
14440.303662618424,11074.609149923403
13038.725046068683,8915.947209475322
14959.31688212811,9802.384810604839
14698.027018510063,10189.454024613759
11231.914471037171,9070.02618711958
12709.057240242739,10715.490796943965
14309.366816548783,9748.29270291254
13074.383023616632,9230.605805457895
12374.464320258714,8841.23616006628
15608.0,12193.09775912592
14183.175196853677,10081.67767127307
14297.090847959742,8668.684289505987
14517.907903427436,9844.820964789522
14691.463185355467,9954.852859191777
15965.237874761782,11991.247549166628
13009.468630877942,9340.437520386185
14761.00823149987,11126.247665466148
13511.798656383047,9069.100527373514
15763.0,12598.750363443034
11639.972021337888,13195.304005347854
12415.93475767295,8825.419385458832
15094.76819947529,11541.967297445985
13475.728611737153,9602.66136474574
13033.690317660656,12439.220298556495
12654.98002671153,10242.788327568105
14453.996817914258,12226.297339264727
13549.271909008496,9791.623581095899
13327.138683297931,9033.51713037103
13668.866759052042,9186.447331330208
13617.401835222487,7464.755972407701
9493.14298636142,12592.680344102311
11829.672403095696,10204.5255684537
13473.40973310578,8375.565500344139
13305.662296213053,11009.884480838567
13202.093902336223,12107.919990198006
12655.462333689235,10383.988808628965
12212.665764970956,9725.683374170037
15922.0,10672.515015292325
14290.517658972543,11982.61169820699
13740.585402542229,11851.513927108155
14505.215920628598,10838.813497713743
13998.93817841301,10163.80628478179
13050.20156877066,8542.452724673625
