7261.603,6050.577
15705.788,6935.235
4412.937,13468.867
14300.198,8324.807
536.918,17203.272
13293.065,13648.712
6966.661,17080.916
13831.204,2583.667
4022.652,2212.045
11547.14,13877.454
7056.544,312.972
9477.656,1489.944
13440.809,11301.964
3244.976,3399.559
4559.424,834.231
8322.962,3131.366
984.672,7627.925
361.369,432.393
5891.919,1994.479
16046.618,16036.684
10435.675,1195.406
11873.546,17136.426
15893.749,15214.06
2225.548,5462.196
8933.509,11898.729
2082.253,11375.078
4414.391,17779.174
235.544,13786.309
3929.091,14022.741
11649.77,7477.984
14653.666,16541.157
3775.224,7610.616
4729.434,10167.883
6072.895,14119.961
5719.119,10817.188
2047.778,9653.169
7025.125,12389.242
6961.816,9123.779
10106.951,13912.644
13477.938,7251.954
12645.658,3935.782
7132.201,5887.293
9476.653,13936.651
15051.155,10979.122
3140.163,16503.782
10296.298,6320.528
5513.351,1296.725
3754.48,5277.155
4108.418,13880.722
2698.499,10695.063
7834.78,7579.42
17522.374,2470.86
4493.836,5008.524
5159.212,17193.861
12186.376,1580.984
13265.597,2481.326
11927.125,1684.676
6026.886,12182.538
7661.239,13792.478
3008.59,3362.697
3129.582,6663.664
14798.378,4879.662
16653.243,14886.19
14090.156,16984.269
11812.569,11679.362
9098.944,16543.893
13356.429,15357.496
7746.24,12671.952
4463.342,2003.305
1067.922,15536.014
4638.439,9445.247
11264.82,16888.159
15979.397,12048.194
1172.936,1000.419
14301.918,16591.819
16425.561,783.987
17030.203,15475.707
2516.397,12312.033
13679.675,1414.786
12630.115,13611.723
11642.508,5503.997
12313.986,2802.983
12280.039,9175.789
13894.174,1116.251
15070.005,3079.893
10669.193,16933.25
17454.634,1301.943
1554.27,1110.476
1695.79,15230.595
303.076,7271.223
7572.389,11903.415
635.933,16832.699
8972.437,6005.121
11919.41,9531.583
888.541,216.345
14319.141,16406.79
10037.216,11239.15
16717.81,3521.264
5058.879,5418.312
7796.831,13702.369
8710.663,2698.971
9349.166,2523.53
3241.947,9266.388
10438.608,4570.381
3473.506,6565.913
14007.472,17050.948
4330.426,766.886
8276.752,14759.506
1512.478,1405.451
1638.097,13935.461
4272.648,10730.359
11525.475,5581.997
984.334,17836.351
13307.907,6683.841
12439.977,9656.608
17592.154,1925.076
11591.8,14692.041
3813.157,11351.836
2700.653,12934.194
9988.385,4724.536
14088.067,5285.453
7307.229,11396.692
8940.969,11543.387
13624.862,9884.593
746.252,10336.635
14683.219,4658.9
16388.166,13390.214
13694.911,179.953
5080.795,1421.02
10390.838,309.533
7840.33,491.74
7451.418,592.342
9182.491,1358.848
12674.712,8041.649
17461.709,15273.78
10222.054,1447.668
17078.604,12089.337
11404.615,11454.75
9556.522,3377.734
10896.279,7392.466
14703.735,235.55
12493.832,1228.342
4863.877,9441.794
8693.034,17807.989
8640.641,8324.49
1951.668,4212.656
16787.368,17082.222
13496.142,1844.261
8452.053,12650.617
5344.364,10557.946
4238.465,15989.945
7238.58,7948.082
16956.114,4126.944
15556.27,1739.141
11497.67,3926.47
5786.256,4943.362
15735.074,12790.76
8439.084,11211.807
7095.378,17085.73
654.027,5079.246
5687.246,9758.815
6038.413,7774.545
86.167,14523.277
17063.526,1671.591
8405.208,12425.645
6919.017,17061.786
3338.727,3472.839
1215.691,7657.777
13595.212,15815.204
4065.841,5349.563
11412.947,1532.896
4285.57,3010.028
4569.38,3481.932
17335.478,17792.362
17601.868,4150.448
16697.39,8163.082
12979.699,4641.425
6295.078,3811.226
1846.978,4591.144
5156.449,16705.464
11281.541,7021.919
17096.115,12763.261
12867.811,5696.664
9523.225,9375.638
5408.644,11247.952
9137.637,4301.149
7724.728,15691.24
2460.145,2506.071
9877.86,14619.163
8317.744,13175.56
3227.897,605.95
14202.95,13119.887
1711.263,4535.541
6304.067,13458.547
16655.194,783.967
9095.314,3379.846
16124.864,12994.276
2968.618,16011.647
444.718,7929.648
17256.619,8332.347
9498.257,9776.64
17906.891,14096.579
15671.069,6954.467
8465.683,226.681
4368.432,9957.925
3546.776,14462.097
10297.507,6050.86
14812.63,791.853
3744.537,17756.077
468.471,11695.69
16203.072,8999.09
8024.667,5763.675
4788.052,16050.487
5365.876,15933.306
5053.395,13856.893
2806.712,15817.544
17712.539,8602.546
16809.395,85.138
7772.162,16070.684
16916.088,5591.649
1808.429,3102.409
5742.278,9009.053
294.687,3767.687
15308.73,10129.717
14375.492,2619.226
11205.343,16541.622
11175.763,10268.84
12286.992,15372.785
3242.689,11543.71
8314.359,389.321
15666.278,874.063
1914.685,186.195
1572.769,13278.923
217.25,8958.82
1086.08,1203.715
15285.096,17692.675
10111.567,15942.768
1231.824,2617.917
16839.812,6154.905
15300.483,9128.849
16079.879,5189.597
1139.357,1296.15
7581.089,7385.557
4078.5,14673.444
11718.39,8569.582
3655.1,2543.07
4676.588,3676.671
11388.611,13955.361
16846.008,4901.182
1086.887,5099.165
9878.358,5440.818
15754.947,10649.047
68.218,1295.183
14412.107,13526.446
5948.452,11247.958
14319.997,818.861
9100.408,7745.667
12872.95,1760.006
6620.21,13475.198
1971.312,2247.565
1949.286,14849.555
12147.755,1075.264
5407.034,15840.18
16598.587,13018.261
14826.888,7752.01
8611.412,10849.535
16455.958,1063.157
9971.656,11011.453
14478.925,4667.002
5154.712,5230.899
9109.091,7353.602
15784.289,9310.809
16971.553,17486.595
7259.736,15200.675
7997.581,17321.264
2724.133,10115.932
11648.31,6951.401
273.745,12428.164
14424.744,17152.184
5450.413,14955.505
9961.141,17858.434
13062.979,12967.324
3534.35,7124.481
4771.969,16210.452
3628.8,3805.703
8018.888,6252.012
1457.925,4205.513
778.615,11224.847
14647.218,16767.705
17733.563,3403.283
860.903,13238.334
5620.938,16086.794
12504.042,11374.89
7006.645,2645.595
14833.798,5006.646
12970.903,8579.797
15001.658,2863.99
13890.706,14798.403
32.873,16263.244
15788.88,12729.754
