12872.286571553817,4062.775178661036
15500.994528858064,2387.235221509525
16128.5865042783,1466.4338532294087
16870.06847402156,2694.409489917582
14574.598557530137,2039.3520458633193
14511.634840695195,6060.611350976249
13912.949691090455,2226.871484815999
14975.66809236882,3249.481283467474
14205.920956634049,165.12334968530786
14671.121873645672,2703.5401126600755
14107.576713983099,2314.423697145595
15727.37865269148,5817.290280463631
14762.785021409183,3093.8771985214976
15757.932981402604,4461.682509029635
13211.158725815587,2866.9447272049097
14389.520980483368,3347.676692467784
15751.387608722282,2132.3342177745817
15734.026996901299,3977.640276898941
16328.454476081271,4580.545770771067
16702.992522091197,4061.3057538221797
12603.704892475667,3276.5607438181128
12630.215280002454,4250.841541337361
14296.016303837627,1795.3335963691773
12958.726546576017,3717.384145854859
15958.373685593684,2571.366377266234
15402.840494738059,2614.236961075837
14898.974412137017,5575.495215240244
13258.775621338715,5745.446211937135
15784.285137963318,3490.1410711337403
15325.830953378116,3413.9662369031976
12768.382788895718,4898.7830473327085
16329.642132060708,2659.5109083828547
14227.113312479034,2936.837054531563
11218.371475353368,3321.0806439174235
16236.431732644316,3802.772872821876
11816.051586285965,1057.2505831410976
13803.745989923247,1694.4349568230648
12648.855523772549,1280.3170481667385
11587.208873343729,4543.5214499627955
13760.907112406869,4054.6082372275446
13037.134259970908,7586.772112484263
13375.747328055086,4776.51400892403
13261.132558645699,3856.935273631619
14594.70276117388,3706.160695145867
14772.334977392777,1754.5380682762568
15051.770057784297,2553.149303678886
12534.107677926324,3221.0887283497527
14170.838643437388,1780.102704249783
14040.715953372883,4060.689595133806
14578.607477516065,4122.417079932956
13432.373617502028,1278.3156283995204
14905.121597991065,2844.0354923213845
15868.881953398719,6725.796363949807
12645.151036521807,4000.758761883511
13254.034959623443,4029.2182685816288
13660.120248699199,4224.304452096992
13894.964824962608,3108.1802960793843
16387.59848395603,5934.537631422261
13192.473821841477,3546.8807684898547
15060.710316118872,1013.9657682464563
13867.336103106343,3926.5102650201384
14960.078612403653,4161.705458257758
13686.79155503842,4965.623322972325
13170.449380635808,6500.893073045496
11312.831482744165,3831.7656829490593
14023.68633721128,2727.058908675068
14057.271754048457,5292.153317032723
15987.618549845873,2716.8513376092865
15683.244580165338,2790.798465971975
12276.458506824436,4547.606465856331
13773.295259565139,3482.2765937165464
13290.451266150298,2512.947814231283
14235.63534370385,4472.62606012101
15522.222615483488,4742.433839943553
15488.257796550532,4353.828783076548
13604.259546612782,3852.350328965781
15329.500262728292,2427.6758079189976
13763.65461339927,5292.6537307868075
13538.740126753937,3276.403868324803
16160.175928002462,4964.745226810047
17175.72133377914,1020.4136205616337
14914.829052586543,2071.6897823022073
14298.883339063908,2917.491831113206
14975.054397409838,4335.44256370293
14555.380030095856,1126.9318866031736
14667.74322679874,3929.1543114816245
1812.741432717122,10213.44439455551
4272.2391594953715,11057.443380379615
694.9574338926232,7741.17806784001
3438.877770941608,12327.775704089234
5339.766522551181,8555.74282293018
3096.785924795973,9214.81952774891
2753.4453027515415,8723.14719050743
688.7644639497512,10596.453290640706
4359.456414606273,9494.385413654607
2639.1080534996195,9751.17409496114
3025.7400860121015,10443.380114640233
2302.4011214672037,8749.83169298677
2822.1285184124226,8685.613047205157
4960.9919102956055,12007.106665339741
3956.851577686842,8817.729142457285
8398.306468098912,8272.997285766738
1921.084865079525,7416.335277808781
5077.279568892882,10764.712578971448
4531.422429676155,8886.95641836403
3011.7451523595146,9859.10880002793
2161.387149448504,8230.698163744879
3360.8293788116266,8450.556845032172
5542.5037492918145,8032.141059142623
2597.865986694107,10898.605765285867
3962.539815198038,11445.112065793322
2014.8818967590169,7500.608160751454
3785.598412937983,11044.711051343658
3994.407872667407,10058.880260677273
3107.8495835647223,11623.169579468615
4539.424077872016,8966.22701853453
2635.8665542352805,6926.482031712663
4118.664586248507,11849.537892356257
146.76302470259452,10236.969819680715
627.1058766433489,6945.010193333228
3199.997071398677,9954.001781708674
3445.917378283009,11306.360177806537
4309.892979445454,10943.192496291902
950.1028753854785,7529.237418571363
3033.055566618954,10599.498371665002
2617.626390730362,7875.8004755200345
4292.045052663242,8136.866691567964
4917.217019785559,9412.674123778614
5219.300946172789,10610.944945206948
3415.607588766254,9522.600251816464
3613.245725798805,11259.765657205266
4379.060709576372,7418.654822757011
2139.9035858745474,10563.268305171438
3751.6846683291324,10498.306658621219
3616.4961065885323,9559.646283372149
3918.7329211590786,9674.870449249589
3492.2694305226287,10468.411495612909
5252.930291832796,12081.585275038742
5643.659673420029,11185.501779600505
3343.951420208433,8030.337070222839
2418.174754740926,8461.450707008107
5339.334712410477,8788.426270944592
4208.418056288323,9652.278354462145
3161.4326133506333,10427.028624956161
5390.944893829766,8913.546647801102
1231.007697062696,6395.419455660195
2771.2262230423694,8749.84571119444
4040.208833221549,10053.604917699475
1594.3027126035338,9423.221459775436
3589.6979842455935,8760.888059667615
3725.668539742545,11500.281917590457
2974.3014610227656,9530.12343648196
4194.9698577866,9097.62799380387
4511.0120810550925,10973.239873649403
4885.467287466115,8791.037016723909
1667.8197133440167,7436.016435497986
1704.738825529208,8971.1939666729
3115.4957016590133,10518.513785299017
4508.95819711944,8383.14137087227
837.2441503728787,13068.422994154835
3462.863791264101,8675.959616737195
6857.642921725321,8794.345996216198
5166.641257520191,8881.839924462849
4780.08025693178,8913.196658727953
4700.238081467458,9711.544400364515
5107.940858085588,9466.011941565746
5448.650241325391,10181.845524847178
7656.426375746882,7961.825218197628
2301.451755280368,8299.801769357928
4230.186135288461,10979.936497248447
4072.9872958491865,10226.16776638026
1946.2522967307257,12556.239669698023
295.96971641189884,8303.063489587847
4454.997626536086,8625.852967178844
2666.5918988409817,10617.89591008459
5377.016662470581,9743.544782642322
3764.5369763916474,9736.970707906661
4282.083792338873,9767.40410544215
5557.567121478014,9239.278467734879
1827.8720436572924,9987.963965061539
3207.385941571124,11020.32395357828
4067.7594062158632,11267.683723750975
2923.3908423498137,9239.385813980676
2158.9548310873374,7391.69143194505
2507.2042769592235,9560.281910508975
5839.529465848242,9452.975190330248
2385.8622335352443,9636.896439446757
3041.3070666455296,10353.031767224229
583.3108295936872,8628.564589526582
4372.91937613988,9319.304492477728
3398.204999938261,9458.786203292331
4778.143719441496,7758.521348217249
1524.6266068270847,11008.928541957606
3454.308787023254,8720.65247784944
1139.6986379232526,9031.466710731489
3901.3951261915186,11145.628249479014
3142.5430978000345,8682.151736500251
2786.5882635939943,7180.770446865114
4193.9810791740565,9078.656870978944
6698.078493744551,8096.088080578868
1996.9458642459647,9965.116851303432
1506.9004240292456,5862.176174632759
4104.160327229637,12365.122733914997
5294.138275760957,7432.070985282509
5212.465349389259,10735.176978312553
3290.7959015005604,9376.318087609652
4192.222668579745,8099.755269284223
4312.874873375233,6452.992643473399
4010.9218274730356,6860.97753273253
3745.6056999844122,10481.809877939077
4187.451218448624,8956.519701639942
2747.853178245399,9321.536854274604
5178.9492513539335,9153.322644870828
2926.467619892558,11756.852416017016
5359.503581537708,8838.355502958031
6028.859485231786,8181.3446843645415
2500.031406156046,10175.380860954529
1700.3875002752466,10313.503048401573
891.0950503263434,12637.968590443674
575.0915331421916,9707.454761508896
5137.486092659818,10878.606030149047
871.1110721809564,11754.369819040738
731.5679361424532,10014.08796105609
4431.4033540503515,10182.223908243464
4917.928492687739,9817.838259489718
2268.1646518744365,8834.46793370682
1172.4957647721253,11872.559912155966
3608.8483787204755,8363.484284500544
5480.872255963593,8341.935419142505
2484.9813570064107,9652.150068495082
4695.772843457188,7401.5114429554915
14782.482126644518,15864.514389821996
17852.223485365514,12197.564196634154
14849.097574256652,14736.289760153433
17835.821667103675,14757.662118413005
18630.31863377587,13129.64299898451
16244.192506323183,13588.302602579468
17260.08923008039,14168.234921548326
15594.429632690717,12441.7461562139
15953.738025584578,15811.381329070928
14522.112766955363,13592.502572411298
18776.0,15672.288447481125
17231.796379093896,14864.620346767451
16060.434028737867,14905.738715520696
16958.23621202327,14217.660463463564
15522.215306685379,15817.541782197275
16678.06262702627,13059.903658611234
17157.874205785378,16227.312939821588
16793.917579938443,12528.778090398748
18826.0,13535.582528126133
13833.989098655558,12417.60187008584
12853.32526431691,14085.369359840797
18907.901004448817,12438.650218208748
16272.58595108587,14513.034154748182
16578.800414465037,12709.137802062805
17442.751899020255,13653.198748565314
15638.497742639269,14437.375665889876
16910.647494843473,15043.427595494799
18195.22937319345,13964.117132462527
15911.359457540799,13910.28026951289
18145.94941118218,15347.873780201677
16857.67102622958,14368.437583506757
18150.23298040925,13195.749827590374
13188.746876258356,10677.82803813357
14199.929984470404,13331.31346115461
14550.138127075666,17775.566644761646
16333.627201656802,13901.166775270247
17708.057865093415,10623.895247770295
16927.783203452425,12989.790134929553
15282.95535790559,15317.353123561148
18755.632503740606,14401.362204926725
18441.694601182,14624.549341944508
17078.76936913578,12821.986035989528
15605.959840856814,15977.228522411227
17638.611911363852,15417.161426093375
12818.821148412213,16284.358591467888
18458.604867269536,11629.32314943435
17896.341396296222,14684.665460855551
14846.560796544156,14713.928897810929
14372.174531523382,15010.81687975106
14710.675344770834,14719.946649787524
16697.638822703317,12748.28621942926
17713.5618693662,15481.81244425748
18934.0,16559.62093142319
16634.126600591673,12587.72748157687
17931.808569113105,12804.955544248602
15547.568791839463,12953.745103567264
16418.198120871708,14071.602003843429
18998.969157362022,13575.31855158365
14917.007501045224,14857.363599294978
16105.846866981266,13874.88449205527
15677.054654122132,13432.3949826604
16695.62758623699,16112.587699975717
14941.654197981534,14244.719942512318
16163.458385097194,14483.769998100779
16513.051375547504,12362.683795533521
16982.736796712517,14198.705700962788
17389.171911812537,13913.073634865967
18774.221898558422,14658.611743132138
14231.124839888176,14360.00989559068
