15588.887221092553,3364.3076269324547
14451.58533812956,5212.177699483116
16096.638492522743,2434.268045435792
15219.336578813613,2121.3725421099643
16042.224751915803,3263.3290569128612
14885.603064550669,4311.3973832942975
16595.663842306367,4974.899786407396
13577.177941547634,2850.1602739946625
14807.280076975887,5745.256382226306
13787.015413870478,4172.995486975122
14433.685000196905,2287.6021640323597
13160.582524796044,1543.8716119413962
16802.853335175038,3825.476010389306
17496.954911814308,3378.080500462655
13749.77935990729,3760.255568674711
12660.41389254385,4262.319868536787
15514.810524432123,1191.5803561053758
15890.66870356573,2463.741644124022
13905.057014915934,1766.6001888480116
12719.28504400199,3457.8589882624847
14175.943010735173,6247.422916509802
16243.488701403181,4998.762918985166
18172.28643161181,3247.4741829727413
16025.507009610918,4931.505424884097
15753.449054182485,3418.5582616350807
14485.372274037576,2831.9969778134564
16190.523923130244,3776.953608982146
15703.330313793283,3708.996784785849
14704.472081017184,5390.015126200072
13736.020862374018,7249.549171347084
16144.591694050272,4530.014308379294
15866.59771459513,4211.89919344345
14659.488389784969,5650.785596990602
15481.805419610686,5198.418060066825
14815.810705415872,4931.413768832097
14380.436197375635,5085.867256100366
14278.289661815503,4526.853583467719
18101.586551525867,1228.9284642493858
15421.419174551582,3111.9781138677786
12707.398579920868,2070.0959253648443
15252.51509257177,3850.654637375981
11656.215489797074,3246.7956797493885
13239.900249218683,5717.752808130568
15621.285263802165,5428.969312214579
13423.9544993841,5717.460200846957
13423.04541579779,1952.5939318832413
12363.755771456235,2131.008780995867
15062.644302335551,4780.447533995556
12655.095565162253,3917.3084953599746
14972.70350027601,2740.1300552745843
13259.970932325768,4005.5916877496206
12956.90236799305,4458.010445085733
16497.506462434496,2192.7865384715083
15838.009853183303,2295.818762490151
14852.193903047864,4508.046780242957
13930.993199233724,2933.9328131496645
14020.320436642927,4544.3552888304075
13516.45534496811,1285.7300562051619
13797.761922506637,3197.316843168187
13791.17546132081,3581.638826389137
15108.687228302504,6717.431834611254
15694.499373860968,2967.324226940854
14643.183445963909,5603.769466990716
16547.462576455295,3043.312052136979
14551.540368805303,1505.970845818576
17511.45570410265,1116.8072460981057
13470.031463749883,3798.842868825346
15106.17563383166,941.637607643172
16029.18336064936,4333.341492367809
13568.087674882509,4728.1816386053815
14804.199407570197,4142.968003065965
14642.645121680616,2578.7518929437065
14817.417191820556,3244.707063194034
17490.620007489593,5776.896279113304
16352.135320498879,4593.412861045853
14659.985413123228,4539.4793022094045
14268.020363861577,5709.412777809035
13722.069062649627,5853.991704282511
14857.142391443582,3974.075532822301
14796.216316995857,927.3580277373376
14887.36499985203,4039.9329952696244
14778.359336649684,6639.584626310804
15480.119615390977,3704.3313396887806
16512.159512425296,4630.063012757963
13718.584870694005,3704.9671595836676
15874.123410580842,7576.876513332546
14310.907653038974,2826.465981639184
15297.748257843417,1413.4286270460893
14036.678243404072,2023.2244214211614
15158.569525054298,1412.6286720695498
14963.860436321353,3855.5290662572543
13001.318455427425,3951.7805108862303
15732.371819829088,2415.6945062255445
15130.284071068429,5571.848022884011
14538.911753309885,4849.118412651254
14460.260192729158,3766.3231751425037
15702.721823196951,5708.241433089463
15689.78966859129,3800.3819761281384
13568.92747721642,1504.3862839302187
15315.808008392742,5963.804784667959
15387.67174340172,4897.296685326271
14152.237669578975,3584.891485964353
15523.18237861982,3340.3955269791745
16880.94452898512,2960.827172859022
14746.208006792154,4037.887768119305
13039.882475992463,2533.280471782976
14355.066930970677,2877.3465357320924
11482.364508503382,1240.4816105694795
14241.374983118567,5583.456096098332
13238.190715925215,3170.982641165692
15462.817416234368,2003.1016601351155
14283.42998004422,4021.4089938152056
13958.393644145022,5392.3837412266585
15926.562112544612,2294.241586167627
15814.585904444042,3415.8725496498764
13759.056459621717,3541.18233671235
15511.168711938708,3436.337122303565
13650.647795658351,4006.0370406701127
17879.93689655809,4204.522446898651
16175.481002937826,4873.450612245482
15632.603826512559,4532.391720103448
14971.271320788046,3956.9470084643535
14409.683404335681,4127.229864532085
12192.138581194771,3635.5877882545788
16191.042661902862,3515.429973961139
15981.147465548618,5428.36974350892
14724.250720621823,4673.069342082854
16142.944072509837,4388.334679070458
15561.543906082361,5065.113159612475
15484.249306639907,4801.948532490011
16105.343003938478,3733.537269226699
14365.805198630476,4675.9870070855895
13925.153729480102,4652.436904325469
14210.827723808181,4001.8286579849214
13739.19670167753,2271.5881100686183
15382.629636354353,3430.9912018350396
4998.747324020308,12097.945442563581
2450.6763836959854,12739.789576105542
2306.4944172179935,11582.57168543486
2560.05819004331,10881.465579544318
4545.192020407597,10057.859598830995
4432.770708815202,10694.38806444593
3905.0809668763327,15738.739015187877
2937.6869046603683,12652.914770841891
2691.9738058523208,13133.99773137623
2918.8120458426465,13669.939957027023
2728.779474269631,12514.791904860074
1497.3939485243254,10170.539797453159
3815.760974614505,12254.62936727627
4957.268150006639,13479.885372033028
2379.2025870010707,12991.900988623396
3886.9757715311575,13068.44185991442
2611.0174327654745,11565.824487809303
4037.6261942121405,14012.376859304068
2132.826416951307,11179.168172346883
4558.32588390378,12214.84064774148
4075.2652486925945,11928.920881967071
3136.5644906119705,9758.795538335695
4684.28147183207,13167.407893377129
4129.993982704233,12920.979657150114
3197.300994022636,12964.675323384845
5086.56362853686,12327.949733282876
1228.6317888598246,13257.618997453299
3248.1142209073605,11246.307558515022
3462.3254742340687,11008.780604734926
6165.9314326538515,14406.159570605005
492.69799457247746,13347.216232758828
4120.810908312158,10211.114405349663
4366.703671465177,13124.556422817503
412.73252812044484,12037.858950095102
5495.834756076949,13044.91392790588
3388.189711055936,14450.561171758693
879.8085328416046,11480.580777776364
4694.864386498394,13891.045663922985
3556.3173894932975,12065.385170736128
3377.670642852306,13274.848732894026
1602.897979393053,13520.573659652591
4726.006826720522,13700.056041553724
6167.91056083491,12794.847849268674
1521.1443027583396,11659.401044946519
3506.8787998317307,12803.867709493892
5137.9294185633935,10596.580872169774
4560.758638318244,16633.26698984866
4101.09821077974,9389.262987936723
5142.686182153731,12215.358356884688
2992.951877984078,13157.637062481488
3114.6427880104284,10381.874585082707
4223.556298623712,9245.058584711835
2419.291453592319,11602.219289045703
4555.899535380345,10151.144102800874
5305.160158235395,12496.001992066524
4767.904205004079,13033.92777638394
4868.521171911871,10851.339902591319
3246.6518575506248,13563.412783981705
6159.653728732657,11492.721231834606
1656.9669412228081,13480.919175620289
4010.738600606614,11644.617431456794
5148.074213722043,13032.075595503067
2314.5610591294508,12937.709689315003
5170.853509089867,14207.043449018922
4787.1484915423225,13276.543247800886
1596.5701885990575,10537.047921000083
5752.813439401845,11630.16879492685
4851.419267720821,10371.715854749822
3576.8680937348377,11866.456932462697
3278.633223747084,12153.928217199451
3425.168559764441,11795.775743356427
4667.515856843316,13908.946291892302
4865.590694795603,9736.253791920866
4956.844943783047,10407.208745139484
4545.919106198113,10844.58814268749
3242.676409495035,11854.473870746477
3625.317800720173,9730.823680346008
3871.6061896910405,11871.90969549063
4144.521187079295,14785.071160310212
4940.226501237863,11090.452290127272
3265.5905702341206,11404.71652136895
3258.285252993505,14215.753685395332
4149.945723175281,14625.149239565813
4160.688685729199,11611.241007562898
3562.455291000273,14266.466367719058
4537.727222338852,10216.166750414575
4136.683745353603,12318.247756425328
3963.7592856057086,14176.235618682049
3571.7384857156417,10974.611886719093
4073.279329766303,15098.42011468358
1733.9154480984123,12909.656933803532
4267.7284733274055,15356.102191265983
431.58841496147215,15964.279304506146
3447.871318407111,12736.379925393063
1324.3221931122876,10942.686684978315
2701.8445235693257,12030.388764329624
4416.187110524635,10998.33306860539
3359.19934119977,11971.012146101719
2236.419115919296,15153.478223628863
4031.256950390404,11919.959195494179
3743.3171586617295,13924.805345820454
2692.9030298561393,11894.341631809346
3720.134324496353,12355.392455333149
4495.545776825263,11876.744253121029
4114.4637646803585,11702.460957228566
1182.2143977928158,12048.523701874368
2427.5698569629826,13061.87274945684
4897.961577837483,11964.224546941856
4556.775341565748,13953.425637458142
6221.881570305499,11851.48929882581
5765.396442616818,12921.625891600645
17827.776962039432,19848.0
14470.37097989435,15759.180325426278
16871.30754618882,17471.508017473963
15203.460220435978,16770.755128652963
14713.081520477966,18675.68639273912
16601.341298567168,17466.013807806557
16797.927750857347,17759.89845404973
16057.345210076799,17651.60234341317
16824.87651374798,17957.05161466604
17444.55886959154,19617.088707535186
17183.352331287184,18302.53954299939
15313.383903234992,17963.8481609642
17163.174217690397,18927.7623282677
18184.250802981835,16877.461939404355
14658.467739646348,15916.565949955548
16464.87308661135,18766.2723571173
15219.613408311829,19761.669529128514
14942.541218889002,16950.738152649366
15338.760720806276,15870.911377922368
16269.49780687125,16453.463435453887
16702.776241757558,15429.125354349515
15580.675970822631,18404.69851420073
17269.127604150526,19842.0
15143.155140386043,17961.08667101701
16086.802855768647,15185.10911658187
15873.489355597894,17471.005561822923
15199.777672707462,16142.516837552499
15226.893619076389,16884.02391878399
16438.55775407533,17510.25588421996
16439.302176088226,17362.6599891816
17523.63565655928,18639.85318971756
15278.0240724921,16748.558663979366
15730.60490425704,17061.854979159714
14542.832891837616,17542.186145991214
17287.803899214065,19165.49655273464
17205.301085471936,19518.702583385315
16377.700844538347,17185.097863545707
16363.49531972448,19312.232573752426
13584.60873145287,18639.657350713944
15110.415177013621,18975.766572902685
16694.98256798568,17200.249516614866
16218.614764754573,14384.026022534426
15031.869325902679,17388.411973354538
15894.165792389591,17145.540882386482
14836.901399276876,18347.5808222099
15154.454481686655,16349.363972218187
18183.259824254408,19694.674455030385
14475.433451184146,18855.539991325226
18414.53308467193,16454.19927966595
19932.648500798357,17184.12737451479
15600.091957074028,18540.750196789722
15719.574310875338,18264.12043024981
16285.760771625646,16747.45653447047
