9757.855510898009,4080.345785607824
11249.436129302141,4200.85139957666
10080.837214813197,4250.263703325341
8698.184761995491,5286.480326068531
7816.447045353505,2428.5034465337058
9360.488335690932,3148.946156356231
12981.850140071654,4930.825646488516
8977.126592921702,7535.578703721362
10574.552931598117,6758.552483532108
10246.143886276246,5065.140869585965
11701.901344207166,5794.4848749648345
11713.772432447216,987.9382748461285
9622.388165807755,5733.090996340966
11268.41320050796,3116.1349429882225
11025.980045158449,6986.000905750738
9062.960247954397,7679.957161008624
10306.813072995856,5547.772771020077
9616.045893386645,5364.677421846976
9201.961305439298,4382.338829688765
10452.330194571625,6023.07786270579
11164.655473202032,5879.391766496095
8240.29937112753,6855.766506530057
12536.70072428359,3870.4433521946594
8256.894614401703,4541.562012507295
8660.23306768211,5715.548679239075
10072.524013918004,3495.710565318618
9910.332014190997,5062.438608729961
8921.193195921256,6838.178133899641
9569.422311912658,4648.999885526844
8870.95264673172,5594.134587918657
11066.933373298507,4003.1428581412047
9902.752267673592,6454.546353983889
10113.120123177025,4612.339162214818
8899.495115084757,5579.241121371647
11219.828994647232,7083.230505385778
11518.104043967915,6119.840575120359
10319.840066272793,4267.884947232664
10864.85755716697,3333.1818816575305
8696.059043025536,6648.9983709283915
9739.020516990939,4728.381798897414
9074.427720967708,5184.109968962762
9813.483216910057,6764.654634681283
10083.202927937122,5930.207015773175
7638.612237848651,5828.348276293693
10248.933755827742,6187.358778292043
8463.776343127294,2967.510608266212
6408.721893971516,4438.699571349961
12349.970454449263,2935.4575912097152
9589.06678206768,6822.017328799759
6946.449446401521,18044.340408317134
4350.35182929828,18913.506888987267
5770.394513810534,18670.862351079624
4981.109794069978,19760.0
6181.3067811206365,18974.81098305656
9027.124438089504,18802.506348698116
8387.744467610202,15539.390285407078
6094.457835090615,19153.947413510174
7489.062261504427,17545.38306490736
1141.2372041290123,18422.327843722287
7949.795694793098,18407.50173185017
5610.602351963291,18059.18503043152
4310.179499027073,15543.188341021321
3485.3370655713816,16371.398047955994
4375.92205667835,18600.426646720847
3941.928444581042,17222.883652739183
4957.28746073791,19461.06707576029
5936.328468433822,18075.955645036676
4711.047279531981,19139.383448189452
5710.962663562658,18121.741053386195
6627.776375087187,17902.711655324427
4239.158250509192,14922.259396834592
6152.938349464797,16503.38442072503
7038.056029248903,15565.102817410283
4132.918354173125,18648.081790460583
4120.585244454584,18058.3797142094
4506.149692997529,18100.78955614707
5952.273822599755,17046.296055255014
2664.8048141674835,18226.16857792249
6162.120195691578,18707.549925832114
3532.9191341067226,15290.554643430296
9442.409749484144,18495.955449262492
2176.2053461344985,16506.591516184777
6956.241863850866,17942.425414734505
5357.384840165802,17263.85092270587
4065.4774514110145,18554.188411660518
5845.52119702711,18016.304415934294
5308.484749429128,15804.069684580818
3758.0159826657077,16689.28699164802
5047.844818712663,19766.0
6528.9285044814205,16680.42413386222
6053.070577657396,17548.876495974426
5577.995268496551,17312.879314418686
4876.057244050017,19349.901227009177
5653.398025738574,18719.53540032905
5031.81415909635,17375.890293158187
5374.493956464377,15718.68614090551
5809.306239193256,18958.333441647417
2085.5710781628723,16537.61994877785
2813.761700136458,15970.19541925101
5676.739336416159,16412.687871379436
4727.177457253519,16042.452378441267
7710.780020365054,19742.0
5606.398397250171,19826.0
5669.294111161502,16339.996504298622
4195.440549681844,16961.83573402113
4336.227256784352,16397.677001926982
5558.026824482172,19040.61247688149
4114.398530452157,18748.971324258095
6559.119005103512,19708.479100047836
4324.021719907911,19095.318803079474
4327.332828611493,15702.042669979357
5714.969779922962,18275.426675985924
5556.225557152167,17052.402594607385
7291.728747690244,18350.843599572796
4603.508080908992,16149.109647695183
5240.751009464856,17638.60520957265
3418.962907268355,16858.052243897484
3867.4413832581895,17503.349354777798
5951.099228867017,17763.292297174805
3747.9962379074123,15393.80308532024
7646.2141277007095,17253.94171267101
2144.694875232656,16875.334127189177
3948.2399483616928,19622.424799747656
2576.16709623993,18918.159296375503
3638.4308015559127,18393.278580210503
4065.097463119473,16473.93689923386
5012.830007156917,16668.531579967686
3111.8778758958133,16396.772964899585
4934.3791694783795,19740.694858248236
2477.757517105989,17859.281579001647
6569.632702605218,17795.61353049855
3816.2359406218825,17852.519314879104
5900.702134631287,19024.790123960247
7215.774849939833,18272.307617570383
6108.133387605582,17017.303825528048
5561.657886457566,17832.59279462634
1247.6192064571155,17589.605297435766
1795.210205138761,16933.72920672746
6395.994985647275,17398.220514783403
4647.419125413358,16710.92262441376
6423.539604152635,15488.433061196478
6800.5389495231975,18199.57249975012
6093.298790335963,18765.14711061773
2459.452878887127,17550.529718163973
5882.7667859359335,18971.04953014778
6010.824592557981,19912.55476910094
4681.941312266534,16860.82223268559
4082.4393839345485,18533.15511600318
3805.5111189089407,19125.494798231004
4499.1709802903215,17020.9896570131
6846.865789606329,15493.544019713509
5755.579921947433,17011.807236976438
2579.4376985097874,17486.63219159717
4668.272188253091,18713.243111848424
5486.08107686661,14625.61863667858
5027.266370723882,18747.04508411511
6399.9595805455665,13683.505236962703
7603.447879458513,19862.026618914002
5772.725299559178,16542.355540382312
3933.873978906587,15418.488435428852
4862.463962287571,19517.6458977867
6055.9729129571115,14534.338071700102
3582.26598398008,19128.131329462438
6056.623911696834,17796.372245351984
7140.588168695018,17403.136455445983
8418.581624344239,18717.536981647376
3477.8360111201073,14574.243873078376
3303.634100213648,16552.536313004246
5874.1417864332925,18708.71273309025
7172.157925520075,19646.0
3783.8297793093134,16640.67735033188
2533.8498867646795,16562.541695740092
5357.414146298662,16214.302725642045
4949.473120096107,17832.49445754051
5561.048275603804,16700.212366577856
5986.471075603771,16843.725975782574
8425.67399801173,16421.334624182375
6959.846437554373,17037.29055274783
6466.986159849532,16479.961338683603
5813.871717538202,15475.344840555426
5125.712884192111,16646.329464975668
2563.6777504996708,16003.773928421617
5226.811487530834,17109.451993924464
4650.267751250564,15489.021999037555
4399.499329710482,19029.868221800345
4300.450306239996,17787.676129454558
6858.448074271896,17823.827993563096
3426.6370638058856,19094.09715136998
5597.138727089198,18955.305823719515
4392.292219202603,16679.651883912615
4431.387570006489,17583.12415404183
7487.523632473136,18490.523125456275
3909.3617872703817,16286.568514184151
3599.7353617079507,15599.626444509342
6004.496884162241,18598.846379648654
4503.153917439668,15146.446462956868
6321.21247840409,16428.20790826632
2513.4927982729546,16562.807078506303
3869.875218165618,17859.13669204615
6709.80831458351,18350.22316973717
5024.023092199504,17188.22015775853
6173.810328175689,16431.205882348633
2958.463213197655,16486.452491282897
5044.27216486954,15714.839878985733
4898.461715690678,18009.185909099855
4917.618933421082,17062.07018654797
4478.83525676564,14864.991690143655
8149.987825594755,19020.083012992458
4118.01481955462,18237.069677483465
17664.85260213016,18271.458770255198
17846.246728601738,16967.707827262035
16031.293856346985,16913.232964404717
16073.221730064337,18068.246566624694
16588.846529715796,17852.52879284203
17132.22318180419,15778.372815079696
16039.540863069813,15893.485481446809
15076.333963612073,17260.89827525396
16040.654313110012,17879.582352290636
17001.20892315246,16525.132141607028
18259.435035137212,18999.42592127348
16163.898592388286,16243.52832039055
17142.638050798098,19057.81863826417
14742.735617676419,17822.383854502823
14811.12922917601,18227.778886677035
18825.56991805601,18102.788493260356
17573.047115948186,17835.000057281402
17939.24842615065,17390.10704562267
17233.50196138167,18094.954711454553
18115.598028436125,18355.52174463616
14630.270515082257,17725.30970736674
16264.734371032739,17481.082625036168
17704.89401381456,16798.909357376073
17680.304450512893,14691.425495463582
16742.11886794409,17564.058326472437
16885.45600606851,17740.882677796795
16249.30338745511,18416.350967919225
16928.717357752572,16869.064160329228
15231.341149577971,19130.266746554124
17636.049661734207,18544.556680061574
14633.419647446755,16432.96866954943
14169.753853367776,18239.078681933875
17231.92219597281,18576.924268157883
18418.259171124213,18014.091959781523
19413.501400058605,17752.51437026386
14785.29383382027,17193.22445505261
13060.4737679267,19735.440962681772
15573.499391185103,17367.510565542216
14503.782677854855,18884.268114679973
18848.948514516258,19925.927321538868
18344.982570920685,19514.0
15438.328042391404,17146.750113319235
15380.949630687135,16447.070623418047
17558.00684834048,18223.877049224502
17485.253140791974,16728.532533201706
14812.338103494849,16181.433588723668
16911.265630517682,15018.326922140746
18048.725371016277,19725.0
18318.891027003818,18548.975092386485
15259.541173849895,15390.291561836926
16462.09574719775,16710.013320173694
15122.778395571982,15900.63135990205
16755.179253085553,14227.594350606378
16920.219596925104,15919.861045389183
14049.514703716126,19100.50484209645
16599.06234650627,15064.076732345242
17195.90599728168,15954.351031005046
14749.504067892018,18038.453027868432
15328.747579775896,19676.0
16013.781390461763,16254.257328266342
15170.48283579505,18958.614022416794
15552.227824091755,17557.611690648784
15889.317269313198,16851.164636713118
17171.66217073934,15868.33986858312
16301.70749655662,16029.638518000336
16439.757842654955,19422.040680483657
12777.726856761716,17659.45194741271
15109.094752259067,18071.486189097064
17166.377168014315,17595.91493273874
15816.680687764741,16593.315901098507
16551.738463024074,15709.900931473014
18001.111834418938,16787.03371812925
17424.107207503454,16871.171736288918
16092.56701614328,19787.0
17041.148974377887,16688.422190469722
14587.359304883308,18475.773871389007
16965.530316406297,17211.315338215903
16230.374805404344,16949.01956356206
17119.233754503242,17204.328605716673
17216.80102877764,18839.44424276394
16509.35312348561,13897.23234870678
16643.326818826743,17692.909205806045
18769.285948373374,18625.137767560405
15264.231755718207,16221.246439670515
17517.828451755573,18464.610175604765
17997.720824849548,15932.347527850012
15691.501075804235,16061.733756281046
13985.25176879289,16231.366686705933
15781.256990403575,17886.378744777336
15072.977702837243,16721.282587997175
17029.397394287756,16111.439556887442
