17947.9675911502,3455.334039652705
17228.5131717545,4355.709498184617
19752.0,5856.374007574468
18492.233986208965,2785.053240783564
17814.899428077282,6485.215102597042
17838.491927651256,3188.8122035586935
18952.64783487176,5084.479577286981
16305.48021192967,2013.0007559064252
19758.0,4567.633614573078
15538.605982833573,6006.037957698764
19451.59631316227,6804.980908852617
16643.27669379633,3742.7442959064274
19577.466336857262,5089.675654407935
18211.441478742126,3758.2609908053564
17064.62118768196,5042.175861116438
17050.598518794017,4845.823802540694
19173.262799678483,4681.471354990076
16830.746885028722,3615.8063490154236
18177.13299947371,4514.274961638082
15726.723708354562,6331.989320135117
15350.087334179198,5314.9081094757075
16846.76133523611,4903.589762572843
19480.781202789953,4677.633866872366
15199.345030399512,4769.646950705109
17855.897669029557,4066.7455790928243
17749.04572461211,4579.299739252907
18934.069122450157,4689.636310633771
19275.443453110627,3779.6541509646004
15473.721389593207,8047.747792909015
16459.030357106643,4276.94295376902
17916.092338469363,5360.180020486195
18254.650065804857,5147.195495017875
18700.797987881495,6472.222354830424
16814.20785382819,3197.5763191136375
16554.94492106359,3585.325938898883
15530.990259289958,7657.495466179443
16800.177890607618,4160.288518437433
17815.83091392777,5286.833474990177
19642.0,5474.630105646774
19516.0,4134.165571286089
18872.496801304147,6312.779397507952
17169.429519082507,5021.825313984976
18797.367294576605,7433.721907356581
18422.871547114686,5135.659986069174
17028.668117802124,4086.6456856098503
19300.735742038098,4668.80973649143
18091.508328098822,2728.075699237241
16210.882491850285,6244.876293386613
17702.348996516812,6279.608807223759
18382.61528067058,7374.06769757228
18128.04886423398,4430.842758255026
16115.473285050508,7656.3377839675195
15841.554360161897,4054.656588509846
18097.804842666323,5031.057937717018
19840.0,6314.840649342703
18318.168602612728,7345.592502436082
13920.862393677595,7368.623536320619
16427.43905106413,4467.355337797369
16752.00660024816,3803.7570096084514
16251.178003620413,6187.555005974371
16650.529976641963,4446.455287305607
18562.937174429808,4762.716329507248
17867.166960562943,5036.4238335557775
17774.119649227152,5640.332889417016
16256.774242852141,1338.433163923955
19447.860316333383,6475.5488603598815
17301.56486988688,4030.139348540117
17844.039278961704,5864.023390773272
18724.844972056897,5306.176899638899
19325.595175884067,5657.693638818072
15874.421912594862,3475.414224834516
19609.0,6019.945914440343
16217.183518314574,5526.469286483138
17670.945253266662,5257.815518417267
15357.737804725046,5347.001969048862
17955.207463552815,5906.051876754083
17046.514996169553,6137.305771037513
16741.294359276126,2357.540795925226
15212.628516769368,5881.821554339882
15607.77561361494,2537.4127977061985
17839.179754348144,3754.338749212716
16368.993443216184,4579.275456799021
19851.0,3617.205753130388
18822.23988859678,7805.909553840313
16810.64294675849,4577.265592709578
15791.525506362552,4607.884441687058
15430.512808904747,3779.2720079041555
6059.440105297905,8738.462681084682
3379.958806782355,10496.068216383674
3912.8733507317356,9041.99433200559
2987.0762881594264,8528.506922720488
6071.203213776234,9072.976089035503
3706.1617156850057,8902.223831476298
4182.583628615354,8939.691073948421
1163.7677765287203,10622.742352189858
5145.330298249883,9709.108828341883
2554.311675516929,11321.252847234153
5957.564133894972,10284.22159057039
3571.3521419394847,10313.694719427966
5745.995454582311,11536.105491535522
5063.019454321721,7950.089845423324
5053.837902226054,7117.799241793363
4968.467798232929,10227.139690483742
5437.17227538807,10581.387058183074
8434.554479645149,11781.555563361404
2903.5042765531434,8531.670781283265
4275.743385999898,10708.270126130574
4417.329735783757,8583.179199496532
5403.228249611802,12281.157389457438
4801.040027928876,12477.860044864676
3657.1036803306297,10547.394173069883
5027.387287231435,10113.106238732875
4509.489816970049,7915.031610311154
5194.181785381484,9976.633631285813
6354.6669858412315,13654.251963433298
1344.8670105872943,10222.819506672431
5858.982279172871,10192.58001694296
3222.187107366215,7821.652349171378
3221.5071447496593,9785.316372495397
2798.2600277048045,11293.5230688128
5587.926393157718,9521.020994288378
4926.430019472887,11986.697160246098
3018.350716495841,9995.10983876233
5708.447239478277,9303.218210955096
3988.381047126385,12392.687422305009
3130.3893851478306,13325.236577270492
5258.340672170143,10097.292915419202
3365.166429204793,8407.411654026602
4947.465490577072,10838.871168908207
6359.743305328441,10190.561005040663
3071.3458875537135,9685.994946318435
4238.559150178339,11173.500909809529
1622.0778579385842,12877.501754828172
5064.617658758306,9052.773666814364
4967.269241920687,11633.501269933926
5593.8002272928325,11804.500767665937
3301.5868055435503,7360.849557939441
6539.924632377422,9086.351007396375
6221.932339348606,8750.52839749565
6251.825310070527,7146.3492203051555
5669.758387624397,10448.62822528533
7039.66811612777,8403.072476825722
4864.733411011241,8989.794017944398
6488.031149018626,10669.096134196316
4454.377166616214,8090.864752549236
5043.963889276645,8132.7973337016565
3804.1505770222875,9906.591752894106
6131.2133340486,7722.569875594934
6234.0494371646455,6958.165780068826
5021.409474434864,10072.741613349246
7089.216381625931,9089.693974496035
3452.103286630555,9951.593904459138
4758.28138330865,10438.263280692634
2713.442615259741,7403.97804441211
7500.45688546802,12492.117708662285
4357.609841043782,11298.098808370274
3206.470525440426,9114.108897102673
3920.823235417368,11154.83433237346
5258.834219603549,10311.094902116665
4475.8965314823545,8025.841621269218
4693.758004845019,10269.15181700512
4206.7792377686765,9211.482351727402
6454.878188167374,9580.965133982387
6468.3837104067,11471.489060402582
4808.283822577349,10324.543353168217
8302.009222358818,9042.531147165415
5754.917221036024,9828.991759116656
4042.9297023630543,11296.447265495099
8145.939914841105,11563.953390848306
2704.645225450029,11057.302735653693
6224.654207512234,12095.423062129588
6565.524026364318,7484.182917602375
7085.92596329324,10788.537239724385
3865.4017619381952,9626.210295412571
4144.553969218605,9277.729195118673
5008.132997016174,11504.22338321944
7469.672355996769,9714.896036299679
2727.6921002931754,7047.981449361145
5213.993129118168,11343.941715675688
3220.6149492747254,9066.697285755006
5934.52747127539,10261.785543393318
2534.534846189624,10880.117887348928
4454.739321120265,10251.819979010272
5072.987779773282,12642.535944534822
5149.066412698994,9199.663266911017
3040.61694497415,9343.31881643889
3663.206751686653,13012.385485532006
7583.107492411767,10957.45236127672
3679.2864945941574,11613.003496416772
6347.67580198515,8615.571435267177
4222.330787921073,8982.847980191953
6873.808863825542,11682.871565293564
5015.422364042216,8967.501938114512
3813.706159333125,10522.005109803804
6024.4851559526,9072.271527758623
8131.424630336685,10778.51477031879
4612.666051383355,9888.536111614658
2491.820747472452,9456.323149337284
6689.148763419605,10121.052632877278
3743.0463181941223,9747.773922376247
7261.372039248497,10877.301354026436
8357.737398988987,8553.202884238919
3972.8468346077098,10229.96948711699
3963.490683251165,9073.656344108103
4058.349942204015,9744.469133918563
4042.671745979904,9112.375205179032
5840.3158991040345,8693.076244381402
8872.950839227366,9241.012748324658
14864.183432698057,18785.397382827676
15306.892654995023,15304.023201041658
14334.791523583037,13498.662139610009
18132.108013999594,17677.402214520083
16538.956090994743,19876.25877491987
13414.982933929808,15800.517565929325
12048.109225764161,16272.302920163449
15438.785157015798,17802.44826763658
14055.992100097075,17383.960212090842
17807.632676245525,17442.529601206068
18354.392226541382,18752.91076939316
15925.265270105987,17214.69919503842
16117.290356607848,17561.919059849384
14809.16504646925,18136.86070002393
17299.284919041093,19164.378894411624
19201.690088012412,16933.16080698505
14554.183411351372,16372.253993261325
17429.153282317107,15954.865271068165
15332.74885341644,16406.349936446433
14188.49990880812,17810.92546701779
14331.201547859913,17257.64956440905
16619.911439951546,18429.433981659367
15072.593112366074,16921.42670648872
15563.37451758232,17311.582615002724
14277.183446915198,15477.394028586901
15096.7545376151,17596.596651912037
16699.70428916451,16878.364853482963
19230.445310627554,17861.810672145253
17246.575508900918,17365.283089207827
15938.153262169346,16898.608003855195
14159.1094100749,18676.127588125695
16220.422222474006,16517.054887764432
13922.979882795333,16048.22109051585
12209.699350470424,16085.37889931482
12798.41990599168,18503.976046235886
15172.739814851775,17442.906347525008
17084.52669129934,18665.76162444689
13791.784962992058,18816.870100572974
15064.46445056507,19450.455496250663
14074.174051342981,15845.946919445643
14782.988174694345,19697.0
15345.076389460382,17370.23377653188
13933.499841593488,14985.49010240657
15615.875887862016,19715.84263651739
15771.813000146713,18306.223991910036
13748.443517505928,16465.355167778594
15106.027937902956,17970.457983458353
15733.010420832064,18330.841549302146
15759.132778540063,19207.660791455284
17538.45174064386,15082.340472429769
15214.856386834985,17534.562147673707
13737.709531011673,16138.88125472643
15928.648719679994,15726.33370189398
12019.988692092697,16801.3187148196
15210.738490375446,18467.330134709406
15579.29458178547,18830.935214386787
11683.573755651256,14901.70014141161
15253.864248091377,19938.0
17060.593055017238,17338.60360770087
17194.00971537816,16709.389534188413
13025.188328683596,18227.924742002197
15416.122307561305,19472.21801238661
15261.638544382215,15779.8774573618
13824.729925057092,17222.460719745202
14513.015925584841,18425.866233228757
13551.288286179257,16454.765943308535
16513.931092440816,16215.35810742979
14777.331527859566,17148.321041573094
13852.747084093631,16776.546938576146
14308.939483552442,19585.0
13706.88342161757,19536.0
15161.305633783031,16950.333485889856
14681.892586506376,16468.518185737536
14490.781818785848,19440.45707055208
14516.769823897279,18355.913391022277
14501.369713773807,18922.686887100786
15386.566736099989,17583.34329010787
14248.780956046081,16525.994942364476
12613.40966713825,17408.173360645636
15250.42338022179,16880.205961613836
12139.27309780723,17217.91829601237
16553.36846638404,19882.0
14157.603283937151,18796.129068808827
16348.158523709897,17064.54706920672
15482.459160884498,16361.185805313964
17228.232344636115,18406.44608740463
13241.093706840817,17294.456371656295
13457.863010707526,16107.736379170008
14659.344101630466,18254.59652905318
13645.970950536133,18902.437270881645
14103.796786786846,19875.30621881719
14000.007820255067,16325.389636921467
