2338.311489185443,10485.433162246041
3928.987235284516,9750.025151703801
2085.1147413927197,10559.892515461159
1788.8473951880842,11778.0
2033.3103216343982,10088.386426997313
2137.6865367204528,9140.24884176935
3412.220210405581,11025.192548910687
2011.183283583126,10602.669368799088
2815.7743013021923,11383.908555269632
2987.061427886506,9625.604261095948
2185.2872035837895,11957.665248567664
2691.433403140833,9001.336573371502
3547.253144361561,10807.613563642364
3576.9711845757656,10960.732773124
3209.3091599886848,10159.025979412578
2757.6021297083353,11990.0
2662.7919304310662,9803.539362553993
2743.7832817487015,8793.03469144421
1521.1766132794105,10184.773266068645
2303.6679698318035,11555.0
4459.537782426987,11802.877186702
3443.9345304588132,11186.100140983466
2923.382969468562,9961.945465621682
1690.787487663872,9619.559014623732
1953.6065658982398,11088.814573101135
3250.698801766103,11290.79593140605
2917.5059140824583,10556.358711658379
4937.048109003614,9907.612055654317
4182.465522996115,11850.19879369559
3130.075197770884,9629.32624320759
4091.6075931896485,10147.056343618075
3772.190809825199,11586.40181702748
3693.6938500364818,10880.805987874945
3075.2063851878834,11111.3869425275
2849.800985921091,10178.131192221614
3481.121830581879,11530.0
2307.4107059792173,9992.571092552615
4466.3475990361685,10247.393929869355
1773.8298090097687,9686.272394665799
3104.0685378048865,11460.342765399691
3388.756728335216,9195.155337608083
4158.491874976398,9177.569883528018
3459.9955745120487,11633.659046395947
2031.1722018878968,11826.0
2476.0228965090864,10354.640233218644
3539.180317361135,8869.988474705928
2640.915881613149,9744.120711428068
1896.5155152326597,9701.389517798856
3403.2394634770303,10947.159862093586
2870.6481761482964,10933.12179996287
2585.8407335858797,9896.622816624695
4374.658314361297,11596.144000237591
2117.1552479102165,11436.273391881465
1884.4016103812264,9497.608235480127
3262.1907508755257,10751.981210895354
2322.1349832910228,10700.446147622146
3168.8100262814487,11211.265001233049
3120.2201676330346,11866.305542207323
2849.65754599336,11738.0
4687.524924397125,11887.361243247096
2139.907552435487,10788.41289139848
2901.3024715722945,11969.0
1909.4352156367772,8971.673216057245
4526.516883344996,11491.267893892738
2583.391113303802,10403.571112045427
2833.062347064044,9095.206988215314
1812.5441960485275,10868.51864425199
2870.800453471113,9683.435349011455
3737.063513368251,10881.959858049446
2768.6365639471264,11406.454128715915
2871.6011832491627,10777.207206876637
1371.4405046197426,10071.314536782842
3688.838520713381,11054.237701060847
2581.4111301325215,8647.904280110153
3072.2518041876438,8073.692015357001
4053.0875067085326,11475.182456729239
3922.3447577015277,10067.240833184273
2836.1126804566584,9234.730494223719
3533.027274460838,10343.611733860389
3961.915283280976,7999.9538902751865
4498.659199147862,10981.379145814177
2616.745787847792,9909.28107431859
2884.0526277153094,9886.935852422872
2849.4474566769795,10878.23556240261
3716.4936434819683,11922.0
1562.5070284177868,10260.17459548707
848.2483641950148,11864.050472726853
1271.5834434391559,9603.499649686793
2209.726135588159,10409.92754171187
3097.4497776719486,10040.96402069577
1227.4005153611035,11924.0
3446.2414420072105,11158.230877074482
2953.6936604183265,10268.313954334317
4607.522211235999,11816.414153392714
931.596962596718,11953.51561136012
2933.3485579024823,9937.394248159628
1102.7548840172508,9481.445802042525
2276.6149071611117,10127.732676419431
2041.7224665975482,9801.89004501995
3373.950306338618,10489.933732299978
272.56735552146984,11826.0
1332.7121478928975,9699.26553620103
2893.4045143842086,11529.0
1583.9868877193626,9653.104755230193
3324.2962977239354,10192.69651771846
2199.3339124449317,10267.432728373793
3115.671252307164,8585.664246277549
3943.4289878919235,10658.205549463757
1324.895735698889,11820.0
1257.7432493212223,11969.0
2266.2518226562875,10410.694167303656
2632.0420229709257,11493.753262454575
2765.5041976533266,10322.384213714367
2519.527020523274,10218.253598206124
1578.9936488097512,11183.102505425833
1518.578042207479,10846.986833625386
4501.172435174046,10084.643983745475
2480.5584680055786,11875.0
3451.9528158648254,10497.787785470975
2896.2569133557618,9550.27556386134
968.1544312125445,9969.095425057327
4144.097305571592,10709.637000348986
4181.474965929666,11825.784348552344
3485.0034258755754,9589.76000862778
3359.0277527893754,11594.0
2440.9249102668145,9229.129058264669
2225.80503631626,11690.612101839532
4779.357738175497,11553.82861813641
3313.205487845874,10553.81266321693
2287.670328697354,11349.984601807362
3506.8527946312224,10314.982126066134
4341.317975478705,10328.915790621853
2618.4401264501557,10058.029762206981
953.4915761410491,10881.96725330392
3002.7487862146636,11542.018545958797
3169.4039927274007,10270.750141534569
2036.9133121247123,10411.987505557694
2078.7851191489644,11123.145937293668
2394.0797115941273,11548.0
2709.368077402018,11222.43388328519
1740.9262828036872,10590.486803563992
3233.403394371063,11397.713914623351
2737.789997681862,10830.812310499865
2657.8046362239766,11689.171798054307
1710.7786811014253,8975.583094104753
5308.908508814799,4773.194548962877
4192.940809942715,4765.337113514595
6038.636538569789,3098.875691907841
7406.229922681099,3603.5605885087866
5781.409730625593,4941.239660481412
4849.38244652325,3583.885518106437
7084.294057554473,2385.3239805993626
5321.993660044984,2970.6050946121222
5456.7285090841115,4497.069920942777
5974.049340694354,4035.2134732188083
6104.355474712251,4429.738173908148
4578.812996899429,3561.017940945322
7518.163859224121,4881.233138767487
6852.211643184259,4846.515814053094
5412.9227357837435,1859.2825244396013
8641.566714908238,4549.971746114022
5072.619784007316,2751.4866200999213
6551.7053002725315,4433.2608270991095
6829.4927718429135,4476.594682719969
6107.665013308757,3056.708161349392
5828.681881781689,3889.200280568673
4699.302588536188,4402.573394554976
4995.506035475493,3920.587621114187
5495.342574236593,5076.223572684456
3300.101015910287,2723.187848869454
5502.3372622910265,4915.790272074768
6825.231794935533,4531.801519006066
5763.824694879073,5253.362174629863
4768.279570088834,4316.013869959057
6564.904996948451,3615.7064017448706
5148.57365171498,4401.86008981278
6103.040700007049,3180.8590252103836
4930.0098892357055,4661.297405758787
6208.535081792389,3527.793029454355
8106.605384086763,1992.4632851151537
4067.531172839952,3078.8139225140644
7205.472461411209,5428.197570673967
6896.083582416201,2765.7102593911695
4688.678755488526,4653.502771240577
6320.63398522915,3586.1353618472162
5225.893908355385,3401.9224025185667
6114.626675271525,3091.9713768310094
6495.734786108347,3876.91023397171
6313.391746066135,4293.935120524519
7578.167641960236,4053.4520254823383
5393.815965237052,4996.6621147878695
5794.022532889671,4117.524653853236
6283.967617507797,4535.0163384678335
5948.849294431435,4857.024885997156
6062.326958297836,4045.992914304488
4975.048339797233,4084.2723742346375
5872.628730903352,4837.461481868882
7237.639089335491,3651.744298190122
5050.5345633048755,3797.3571350924694
6355.6965189938355,2809.689490126264
7121.512154658523,3735.6645458655153
7056.833617807993,3973.5497666489664
3229.219584149951,4089.087137825969
7467.635679934394,3679.4942561487887
5174.344227364369,4552.927262025999
6551.9496473006675,2945.0533553325536
5209.39253945986,3065.271553659519
5078.38960236574,3552.1424464302986
6393.729517627596,6340.523967711913
5001.899425947676,5179.295932418033
6920.785061320321,4587.727376264379
6344.3452781461065,3914.7464834063303
5493.019694572919,3643.907913136305
5581.687095113559,5526.914990824743
5028.013994660277,5334.353479525013
7314.301267005655,4654.0049551433485
4715.372177212242,2017.237934385591
6297.487895863109,3118.0354951232803
6085.985686766472,2088.0567895615127
5068.975500763365,3436.25576602661
7060.350964666872,2382.4179596560125
5216.434803673696,4474.030811769958
5267.7999533749435,3713.071275184742
4920.300371666659,3110.828449189381
6055.737364663505,1711.296436466806
3931.3333907788056,3736.3854238213685
6095.118552916059,3667.716245981314
6863.888788233444,5483.230761351859
6020.622391557903,1928.415172385468
7453.271884599941,4200.321033652375
7239.220193289946,2010.563243447767
5889.453209581421,7049.095373579603
6631.907012046839,5330.011921377202
6216.057253013029,6643.008088991529
7511.096383769243,5149.069544789193
4898.974729404931,2492.7696329112177
6492.885870707005,5317.488337602108
6230.455580758937,3868.5595487352957
6410.777143217133,4106.564731042192
9900.449315465261,9427.496146335256
11538.194739456183,10694.233431718909
11428.45814903219,11210.457024841888
10070.75397149414,10324.62039312747
9263.37872405982,10647.458950489392
10400.145261677319,9244.317625921729
11831.548470734315,10680.005887436184
11069.966612239175,9585.971417828634
10922.987160690713,9043.043020418902
9311.028849255104,11143.445450915615
10737.77465995049,10173.184391679773
11190.950374878244,8878.112198827364
9428.383828312444,9999.585862039676
9322.193428053557,11632.364951051437
11668.0,11428.555180135485
9477.627867241397,8622.18464280891
8890.036708744092,11916.0
9929.606454442677,10379.408202213486
10987.946493025871,10075.987954245022
10584.348082098146,11195.293340746155
9628.260404588762,11518.0
11531.0,9350.726265327876
10277.352386222121,11700.0
11531.0,10248.688911952499
10359.241595724596,10707.379006853429
9330.44627496196,9623.20341095317
10966.622812338874,11611.133981160256
10344.353001179034,10663.214478716107
9473.161859719188,10192.191329319325
10991.5969078796,11049.031109872752
10753.14312455536,10939.219817767202
9466.19355755269,10893.804253050466
9180.460694250545,10939.72647161093
9016.970838575886,10955.221969345057
9538.19085224334,11240.723025258627
10338.9496743429,11631.687411714316
8380.162055890889,10151.671871533545
7725.120136507809,11519.0
8622.799239487797,9643.289911835125
10624.487233881566,10798.50705726501
8899.486358761038,10246.303342469382
11303.093854384617,11979.0
9530.306765197445,11779.879492378213
9143.01911047953,10653.364679944092
9678.131283523899,8837.244931168809
8406.551810269213,10592.312477890306
10105.028530610807,10480.473862335843
11693.0,9505.509977001106
10787.66503906885,9517.803132607325
11876.78562058851,11478.13472179707
9062.174598145975,11110.196771514957
10523.218889776166,9828.305023474706
9558.0313260853,11333.412370864527
10080.20771110568,10004.64103823094
9176.422185964488,10127.063893214357
8331.602994370307,8884.222597415728
10337.706850370803,11115.301825112892
9166.256724765604,9550.812900818195
10800.649032165096,10837.138831234735
9389.099716856816,11490.552350082207
10488.164343024235,9995.059403833704
