1899.475,8850.333
10292.082,15842.181
6316.002,9691.317
17.306,2520.541
15714.261,717.185
7339.923,12199.294
9001.794,13678.66
12032.167,3317.272
6888.457,15252.456
4835.403,5696.279
3142.665,10521.42
5826.841,13038.246
12289.188,3234.209
16441.527,3479.575
11639.418,1978.337
250.155,15417.149
13917.597,15335.461
16920.428,11043.246
6113.031,14.559
11511.066,15881.476
928.081,2765.026
5926.722,8073.762
6011.544,2573.003
13476.693,1723.336
10364.236,16782.395
1942.851,8786.027
16587.679,5619.403
4198.996,16979.546
584.118,14828.274
5096.823,5831.563
167.415,11595.805
9347.111,14135.96
15285.703,855.546
16879.567,362.831
3358.134,7170.801
6484.333,5942.515
5166.528,11762.989
10969.069,685.243
14730.235,5490.896
3611.724,10570.32
8400.845,8122.654
1160.753,7059.105
15730.782,7150.194
9123.42,10984.513
3902.167,4448.859
10576.435,10926.427
2878.279,15482.726
2684.872,15178.881
13704.541,13777.492
1853.591,892.09
7616.373,14649.954
3253.452,2758.352
14241.585,13094.441
5691.948,8268.196
15741.024,3325.788
1506.957,7220.377
6742.1,1161.805
12596.923,9840.73
13075.862,5601.654
326.011,6604.362
2890.963,4230.813
15926.41,10131.647
823.462,11986.72
6574.604,114.181
4702.008,11698.755
4385.265,9042.916
16277.889,8212.345
109.834,316.242
8452.71,11412.905
9390.802,6086.137
16761.97,14885.349
7959.59,9951.563
13110.811,10757.15
6766.398,14022.157
3067.86,10772.524
16523.97,5930.315
6240.419,16364.57
7825.313,2609.845
2001.145,8080.853
13841.809,37.577
16286.007,9875.263
11489.765,2250.319
12407.645,8158.554
5244.396,9530.479
13052.512,11010.386
10942.581,3319.546
10730.391,7526.603
9456.387,15002.718
4964.771,5457.22
11579.49,7479.095
6559.752,11467.137
13063.647,15306.316
617.864,6272.068
10608.683,16254.506
9701.699,30.604
9003.963,11135.216
11054.861,6232.044
5906.921,14337.313
11207.562,7120.571
9176.206,4226.434
192.393,6357.424
7979.295,14043.819
11174.156,13601.113
12048.518,6968.882
6621.107,13763.988
712.282,368.805
5846.273,4563.621
8800.394,14087.364
3653.899,330.479
16860.531,8359.014
7495.501,13737.61
10255.404,10606.733
10896.155,9123.155
1026.871,8977.812
806.766,3994.645
13227.268,10238.007
9005.274,12425.161
7777.756,3469.211
8127.016,8032.966
13336.077,1370.505
10908.405,16959.385
13106.532,14947.832
9703.338,2097.211
13621.504,9955.119
11699.855,15805.68
13318.878,11812.695
3023.413,5665.506
3669.677,1283.035
2024.196,12724.031
6955.476,15270.365
3813.209,16936.476
9422.254,12476.146
15870.781,6016.316
4920.34,11459.846
1124.688,10883.038
9843.395,5096.957
5809.051,5863.901
1691.909,1014.046
16575.813,7214.425
16925.194,13147.133
13118.612,5042.772
3102.579,16421.367
1712.081,14115.722
5837.156,3102.128
4640.022,6170.911
7973.618,5164.262
6597.075,13330.946
12999.573,12438.517
16143.263,9427.525
14710.363,1850.91
12448.167,14924.1
9309.713,15667.116
11969.791,7949.066
7343.261,5801.722
10435.453,6457.403
3307.67,14138.212
12794.608,14053.669
14883.082,14063.99
4995.839,9545.296
6418.02,8791.951
16898.353,846.695
3780.071,14910.26
14337.1,11995.678
9518.578,8041.815
4553.5,15758.351
1351.065,1572.546
16142.87,507.098
4075.148,2267.752
8469.948,5847.224
9808.16,12932.93
9736.39,4605.088
11470.545,2621.468
9390.926,6194.467
8025.594,13693.269
13386.779,16213.534
9778.637,4963.49
9092.445,13589.377
9262.565,7003.353
1471.706,6041.612
7754.998,5587.261
16027.63,3753.004
16523.485,11631.129
9782.796,3520.583
6158.483,10955.401
7117.265,16489.799
9554.56,12474.828
10238.287,1776.905
1487.988,4629.663
5969.157,10846.161
10338.961,4850.965
7198.964,198.882
606.374,16114.406
6791.141,6396.718
5531.461,7555.624
14677.316,2052.856
11200.185,11582.988
12514.3,11204.172
8750.313,10280.512
15436.435,11793.148
4518.522,9315.443
5249.809,7410.851
11155.117,6053.957
11042.259,319.888
8218.086,13462.542
7940.871,15844.277
8362.452,12484.049
7615.467,1862.326
4587.712,3487.052
14521.887,4833.254
1207.64,5187.531
7166.997,15791.655
15601.094,1575.013
6601.453,13447.769
1041.383,10038.441
2708.402,12538.328
15126.21,1719.38
10608.599,4721.628
8304.182,4908.506
12602.966,5163.206
2372.827,10516.727
4555.988,3992.46
1483.534,11296.633
10870.598,1909.898
2664.895,1125.317
10066.392,4598.171
12025.632,3087.206
567.125,16834.325
7063.103,14497.665
1712.105,3791.505
2309.116,8626.754
7745.47,2171.517
11109.809,15431.493
415.192,174.559
2002.821,16757.648
14623.896,9611.947
5061.737,78.638
5903.714,14128.121
10178.892,6140.064
4418.71,1616.586
8828.938,16530.075
6125.071,3370.468
102.94,6704.849
8177.539,393.628
302.382,13976.296
10296.366,14151.789
5348.828,3559.235
1698.626,15015.346
5764.664,3929.313
16162.461,14743.751
13758.459,11500.096
3665.6,8859.084
6570.297,429.339
5849.623,8266.643
8494.413,2127.761
2762.306,1338.411
11638.814,2748.172
15225.721,12839.07
15379.126,15629.603
3469.086,2395.165
7845.361,15354.996
13065.8,16721.901
11287.257,989.713
14354.707,4165.441
6417.438,14871.316
14490.989,2575.333
9468.307,7692.373
4667.767,4769.297
320.076,12180.023
2131.117,14817.223
11381.5,5796.08
3785.269,12136.392
3268.61,4175.619
4459.51,14695.92
6750.24,2875.389
5495.335,2620.409
186.684,16155.866
7534.048,639.07
8065.558,9338.135
6652.204,1175.435
2682.756,13219.045
7781.082,1670.208
6456.356,958.879
10826.846,14392.212
5100.92,9061.322
16706.713,9206.07
4361.155,8673.742
10425.541,2633.368
15236.758,1074.322
12480.282,1880.075
7165.908,5590.742
3541.953,2828.242
9745.902,7187.425
12948.122,2693.541
5209.125,16760.078
15590.886,2678.74
7247.843,1757.513
2877.334,11122.552
9296.897,16437.852
4550.936,9162.881
7398.951,8219.199
