10790.405,15096.021
16500.739,3436.2
3124.656,3725.142
16606.097,4462.361
7032.283,4200.178
9038.903,6346.817
9608.623,804.886
14811.185,15340.362
6246.366,8220.535
7544.439,4519.051
9515.832,4376.137
12031.715,8970.251
15227.679,1949.97
10017.385,5477.608
4582.877,7594.988
4913.708,1774.622
7891.072,7248.407
4109.014,13917.848
4112.916,10165.674
1263.308,7613.077
7402.559,288.377
7112.678,3719.355
16615.78,15483.362
3497.936,16280.145
1397.55,8540.596
9202.792,9440.913
4743.569,12069.331
8792.891,1209.138
4813.976,13842.266
953.52,11495.837
16301.28,1851.913
451.427,15365.802
10820.715,1458.716
4260.293,10048.371
4860.546,30.43
11493.202,15907.488
14489.494,7488.936
6464.699,14284.959
10982.916,4741.236
2889.085,8357.583
8440.441,10484.081
3721.693,13262.562
14080.693,15145.659
8925.239,11543.648
13277.968,11066.878
3036.394,4755.868
6454.468,11789.809
947.65,1642.149
13478.509,4759.034
14170.753,15620.14
10618.917,2786.346
7190.112,14302.601
12269.128,16003.379
1244.538,8649.875
6949.698,12106.622
4967.021,14121.973
8396.884,11020.474
7446.64,14723.906
16869.136,3242.644
5708.801,16405.9
2326.552,11168.47
13982.834,8270.741
706.436,8153.267
6462.101,15213.534
2196.91,6681.068
10102.653,3417.733
13280.111,6398.54
887.411,1549.589
3557.058,12495.099
4633.361,4243.555
9650.408,14737.112
11560.912,15408.516
13219.753,16066.592
14028.815,636.738
12385.927,7677.182
8876.29,7855.588
16687.567,1229.767
9519.281,2411.224
13924.591,15634.332
13081.365,4004.291
9081.356,7170.862
5483.422,10339.034
4963.738,7381.033
10324.839,4843.906
935.15,2600.658
14085.289,1539.358
9396.481,13790.35
9734.959,3589.816
188.256,5852.888
4324.551,16690.617
10866.429,9915.237
6517.876,10186.28
8315.706,11391.113
16899.893,5363.412
7578.454,12947.584
14838.511,9343.285
10633.543,6618.854
4567.519,954.004
1227.334,9762.461
12158.243,12730.729
8645.707,2446.059
10197.116,9728.407
7496.319,10045.015
5023.68,8211.395
3009.107,7925.827
9077.991,5780.342
2158.019,219.221
5117.207,7538.36
603.717,12580.826
12280.352,10693.08
7277.41,4844.228
11274.149,10568.076
11817.45,9759.508
3799.791,13514.736
4838.068,12648.767
1983.479,15195.203
14448.215,3414.232
12299.662,8480.711
5137.765,5543.496
13220.314,6970.297
2540.171,16605.291
14598.31,183.631
476.617,13873.496
4987.698,14494.638
10499.012,14930.678
1883.668,1197.789
12232.056,16842.768
9920.096,6406.653
12844.241,13108.884
1228.705,13247.568
7357.159,124.388
13563.743,2595.283
10468.63,13020.027
3908.991,1386.786
15408.539,14984.662
5706.035,12468.709
10973.487,10906.505
7235.361,8742.731
13103.306,6691.288
1196.116,11524.241
8130.848,16310.455
252.205,7024.128
9734.694,13258.969
3120.6,15397.294
14986.735,12177.386
12245.229,6471.23
6728.99,4131.536
13855.108,13117.978
8957.488,11483.444
14086.936,7305.905
14081.74,9851.286
8657.678,5112.801
8891.841,16744.145
13824.292,8212.229
2725.056,3802.198
12759.02,6950.226
11803.327,10471.033
13845.982,1071.201
655.346,77.365
8075.605,1387.736
4584.628,2658.729
9614.909,5643.443
13128.835,5534.981
2259.94,1187.22
6675.995,16279.883
14072.633,15533.435
13339.549,1003.983
4708.538,11912.179
7878.041,12532.753
6152.536,8097.783
15051.377,8062.634
9182.226,4048.514
10337.334,5206.635
5481.201,13029.324
10078.391,2887.075
4192.5,14173.129
1642.543,9272.076
5228.86,1324.01
4409.364,3082.255
6625.828,8274.827
8996.068,16985.707
10267.561,10.922
12515.834,12333.48
11968.311,12000.883
6343.858,12080.763
5116.595,11867.191
3800.839,15943.084
4754.089,1960.302
9086.579,5346.337
3928.303,16506.321
1957.698,15028.592
610.069,1894.913
14958.627,5887.59
13145.087,4408.419
4299.37,13097.83
6702.476,10380.088
6510.64,10571.449
14947.014,4184.918
8588.504,7548.393
14022.341,16659.901
8707.75,8682.824
7837.6,2552.534
4978.72,849.616
11284.523,2538.869
14871.752,191.578
2464.688,7309.222
8924.681,1351.983
4228.055,16186.219
323.512,16231.539
5235.26,5430.255
9215.088,8460.645
5869.784,3182.797
6356.536,13402.255
15059.872,15996.127
9772.062,4832.126
8950.332,8548.981
3176.508,11412.135
12181.367,2937.754
6497.044,1429.813
13968.099,7087.383
9085.191,6020.266
15072.055,16637.624
16828.295,9803.204
3955.169,15916.036
9453.49,5184.199
12687.75,2620.455
12534.596,3568.987
3505.02,14519.867
8907.811,10468.716
15305.911,15966.343
2100.038,13941.041
5438.029,7126.762
5166.8,1772.528
1051.291,9154.233
13936.917,12243.746
9003.468,8956.952
706.473,8665.406
1936.184,3512.022
8606.343,3971.131
15875.971,2028.096
12877.52,12390.538
12876.368,4644.088
5525.571,10236.169
611.031,8204.634
7825.235,2189.073
566.655,4765.084
9280.795,9667.614
7457.675,16627.814
7126.57,13377.219
16588.209,4210.766
2208.946,8763.414
1428.848,15290.768
3685.988,1940.262
2776.597,2880.186
6373.448,1205.269
10028.965,8157.724
15588.212,11080.976
9977.878,7241.836
3542.663,8344.763
4416.667,6440.764
11411.474,10856.917
8815.953,11768.228
13723.299,6030.984
12481.851,5847.877
14363.382,15475.161
3027.063,2748.349
4171.557,3940.105
16945.714,4417.085
6731.674,3767.721
1560.787,7274.384
9253.345,5102.72
8295.289,8659.2
15124.783,10640.858
9736.538,10948.129
6690.529,10757.525
14685.271,14545.433
15723.399,3617.575
13033.228,5095.9
11849.779,5857.25
2918.909,14353.409
16736.991,2001.636
10982.663,8986.115
9314.622,14697.962
12160.043,6694.18
4466.483,7295.731
9565.863,16071.543
684.893,307.78
15795.259,1922.466
920.986,3539.624
14038.337,7800.689
13492.282,15589.295
8527.358,12578.284
5865.009,441.667
3002.209,5251.13
6074.596,16485.351
16820.545,13769.196
8760.703,6292.606
2688.362,12065.739
10680.394,6457.458
8350.495,16355.502
