5854.546,4750.83
6735.02,6632.482
692.327,8200.795
15526.598,14115.249
10198.235,11926.263
12063.296,13895.373
4539.548,2215.731
10975.441,6259.221
7272.32,1274.911
13366.395,12452.527
10014.862,2347.844
3238.763,8670.144
8389.786,14619.516
13877.747,326.095
6480.355,4254.937
12647.29,8362.23
2504.233,7161.497
2775.732,15090.006
2463.914,15387.103
11291.957,6245.132
6426.016,8827.535
129.115,14542.226
8968.184,10696.774
1243.322,4250.039
10342.005,7066.446
13115.117,1067.652
5697.624,13062.187
7146.497,15410.262
552.352,8380.806
14856.946,3567.949
15426.186,4618.779
3360.118,5304.95
3499.204,15424.28
3507.717,1143.671
9338.384,7656.844
12475.513,15372.295
11512.07,6378.814
11073.328,14820.038
5702.283,15452.201
12098.967,11252.902
4502.176,10065.976
3902.348,4561.065
2153.815,14985.067
7830.884,12902.683
4339.377,759.033
6517.411,13295.878
6907.502,15667.486
8150.754,4639.982
9837.888,13452.243
8534.128,684.895
10208.896,2583.97
4579.949,2822.32
9037.499,10721.059
5299.148,13202.563
11729.032,10117.963
8817.632,7870.432
13596.486,4536.437
278.217,2525.918
12244.885,2950.101
5969.833,9421.332
184.923,14657.105
1247.873,10799.521
15030.885,10295.859
14606.149,10800.988
4153.215,12487.908
12683.427,13727.066
5368.389,3085.505
13216.304,11202.503
2320.116,13374.289
2895.874,7447.308
9316.474,6409.243
4752.89,7228.244
6940.591,2965.793
11016.261,2855.707
14021.842,13075.233
11774.782,13749.043
3568.007,4324.698
14357.861,2807.337
15552.545,2447.577
14288.378,4652.625
3256.029,4629.185
10591.788,15271.986
4136.249,2741.453
13556.063,4204.208
8162.872,6389.148
15497.095,13210.141
3781.9,11854.806
1802.387,15667.097
13352.529,2005.478
8056.764,9022.891
772.343,1361.944
444.72,15081.336
8856.386,5580.762
6094.737,4571.782
7916.318,4179.702
30.913,1362.787
1705.414,2953.38
2333.45,13870.706
3753.506,14394.942
9449.608,1514.768
1215.434,2344.404
4720.647,894.243
2964.1,4875.634
3453.501,2522.985
6954.194,12443.576
1421.323,12089.139
747.263,4174.194
3870.217,2343.859
7032.072,15513.878
9625.748,9008.952
7936.751,1418.693
15269.047,13107.684
4512.616,685.148
3799.802,11298.392
11225.287,4677.677
10638.738,1663.476
4970.565,14111.836
15403.55,6066.566
15172.858,9413.891
3313.473,6347.706
15765.074,710.847
11058.649,13230.012
12351.035,4322.979
8125.063,11514.29
3458.309,56.919
12482.789,11086.488
873.011,2459.867
2820.397,1232.876
5353.098,11207.878
8900.809,3579.794
15866.793,911.402
11481.155,14762.135
6894.869,3840.985
9826.796,4055.624
10034.35,989.06
3517.714,14995.49
10169.529,660.071
1179.277,5138.99
2951.942,541.227
5841.818,4064.404
4756.216,4721.315
7937.418,9098.419
12173.588,13243.426
4301.312,6629.521
3023.165,8974.066
2456.821,3739.607
14574.886,13972.626
12999.504,3917.315
12990.858,3714.872
6870.005,4550.32
168.962,215.851
1084.988,5175.173
101.143,7345.935
2645.65,10300.273
917.747,9025.054
5500.993,7687.291
6242.72,12533.268
15124.786,3664.818
4320.016,4015.933
1154.271,4261.139
14294.457,5863.559
11909.306,15024.569
574.732,12978.37
5185.348,2250.814
10997.335,403.642
10392.463,8584.642
7050.264,15488.258
2119.872,5147.498
10507.229,3044.566
3899.246,710.498
11140.781,3489.883
1003.286,91.959
5702.296,11648.413
7934.792,5003.537
15468.749,14443.139
5185.119,5501.601
9042.477,14087.487
6848.556,4611.467
13147.548,3395.984
4182.421,12157.846
5368.739,1826.836
12236.211,5830.523
5742.064,8679.0
2206.793,10259.855
10202.032,7439.91
5155.462,9016.264
672.973,11166.263
10215.41,8122.692
12726.706,6334.467
14452.198,7913.688
11854.856,15435.539
8915.356,2013.113
4575.575,13766.077
9359.327,2556.289
4318.838,1089.39
6063.922,976.327
8835.434,2482.748
13658.266,1363.695
11744.847,9476.963
9191.417,4414.578
12539.761,10086.99
15420.744,848.933
8466.456,14695.813
3011.228,10015.068
10550.924,14890.696
12335.88,4179.219
6935.207,11150.269
4719.124,13476.636
3567.302,12270.984
5802.51,237.71
14253.426,1901.611
1962.839,11420.344
11049.981,5194.239
14765.522,10859.21
7366.146,4203.28
10612.45,1367.794
11320.155,9545.113
2636.751,11857.084
7358.053,10653.851
13566.958,9876.501
4810.761,1280.901
6799.448,3089.101
5100.415,9288.388
15128.552,1122.193
11924.76,12688.301
5646.457,2987.368
10683.364,4115.319
3846.153,4319.009
13409.042,12216.397
15937.415,5557.918
5681.829,5241.67
12473.269,14891.937
12259.581,3161.25
5474.301,5731.802
15873.814,11527.197
2862.301,12552.129
7175.402,11765.785
15293.133,1214.458
10729.284,10045.432
3647.752,8195.726
3796.029,5096.527
13062.565,14226.255
15119.94,15272.796
14620.901,12996.931
10572.856,12981.185
4022.655,1113.533
1129.702,7098.925
5310.44,3865.799
9663.217,10414.104
14426.764,9908.801
7241.376,8256.67
740.424,1275.066
13141.733,10513.054
10928.514,12316.757
641.717,5956.095
15397.128,6627.346
9416.149,14140.405
9017.827,4921.43
13193.327,3152.294
12194.919,7960.283
8545.916,8902.074
219.628,2835.913
9555.75,3154.765
12747.594,7394.896
13949.983,3924.776
10425.107,4320.468
12817.186,5375.352
4121.478,10435.182
3000.268,540.171
2474.929,13983.238
406.333,2004.071
2441.381,7550.632
9739.508,1568.09
14553.678,15304.704
10878.64,11833.793
3682.49,4011.892
5702.035,434.377
12044.239,15149.325
9062.041,5391.873
3251.624,1031.769
4820.803,1636.529
10816.979,7356.574
1825.136,12586.345
14343.95,15325.746
8496.563,3193.068
14805.174,8355.361
6111.368,5738.736
6201.431,1722.294
11124.556,3437.094
5241.133,13040.211
11280.199,13589.519
13722.098,6100.866
260.619,12207.4
7702.163,15658.852
10297.379,15182.735
675.421,6321.871
6094.627,9025.246
2483.533,13960.963
4190.324,13119.346
5208.357,3088.824
6912.199,851.126
64.839,8844.928
2485.543,5149.318
360.013,6373.654
12499.383,4086.732
3489.42,2540.116
2060.378,8427.255
8161.677,9439.79
15727.559,12816.438
11154.16,14291.758
395.52,8632.87
11420.581,5883.121
6236.767,1188.058
5665.876,13946.959
7521.09,3174.083
11877.587,15187.914
12941.753,12559.761
9265.38,7081.076
7273.625,12055.986
3298.57,13900.753
7738.931,7516.585
6471.948,15587.376
7252.048,13977.556
1290.963,2235.73
7117.51,3015.227
2359.234,7060.165
12091.598,5609.065
9228.865,2678.333
6411.069,11338.947
572.217,717.52
14255.656,6296.327
15876.347,5639.135
10763.564,10417.343
6664.0,7212.548
12662.979,12908.783
4323.521,8887.907
13058.576,14120.36
4767.951,11556.658
13674.672,5045.69
4809.83,10466.877
6775.389,9261.034
11841.431,15901.38
12634.266,12508.396
5498.463,14662.127
9536.315,2352.793
8714.474,7429.822
10430.441,11452.801
1209.905,1496.974
12011.683,11747.267
1753.63,895.648
5144.352,12712.802
9499.571,9472.803
11623.793,8993.254
9190.597,10028.984
15006.838,10482.374
239.091,15866.338
6144.844,12283.564
9936.16,7165.049
15350.515,10501.036
3525.701,3272.766
14656.617,12679.829
3329.437,13109.226
1971.368,5311.692
8552.338,3006.851
9936.059,15529.39
11422.704,10246.299
10703.604,7110.903
11095.566,1971.661
13380.496,12372.02
228.117,8616.712
3165.485,11724.922
14204.875,5823.642
2036.675,348.351
12115.48,499.661
5268.966,15420.741
2909.316,7343.406
10899.014,261.12
6380.126,6841.284
11857.566,6858.458
4051.327,10664.281
11406.509,13375.45
2242.482,5336.316
8230.266,2474.526
59.701,11883.632
7756.374,3382.277
15652.391,12232.985
14026.193,7979.755
2694.757,2582.885
13679.336,11251.503
4804.089,4711.019
2592.34,4769.534
8653.482,4135.443
607.675,8962.449
6556.676,1667.382
8668.61,5283.4
9342.95,12616.866
15266.429,10207.902
406.011,14026.492
14691.817,1171.611
9829.72,669.082
2712.421,11923.472
956.22,5995.783
501.937,10820.975
1207.845,2466.303
161.294,10338.677
12262.519,1611.141
4091.654,12841.986
13419.014,1936.264
6162.057,15179.812
10803.17,9899.279
15533.471,13390.574
3061.509,12110.516
1194.153,13921.92
4136.043,4350.513
11683.831,105.757
2669.96,12020.071
11718.408,1360.628
15098.163,3697.56
8141.538,12064.109
13653.051,3394.187
15281.365,2539.883
9400.818,2819.232
15119.634,7267.03
14902.344,9147.284
13319.75,12632.658
7195.631,12572.964
9966.948,3336.52
14100.124,4253.332
8588.251,4828.024
2844.103,1272.062
8904.93,10009.298
3078.005,4812.793
4554.566,3579.401
5625.756,2637.285
2931.529,15040.263
12089.298,3092.943
3578.902,717.197
9139.641,7157.151
12693.73,7414.48
5743.851,7350.662
15161.444,7346.779
5870.731,4283.193
11008.679,709.221
3673.464,12276.831
15125.392,5925.198
3857.019,3185.183
2887.578,5759.959
8594.378,11524.689
2877.384,685.7
10002.65,15316.635
3188.512,5635.579
12145.307,4013.738
8571.565,8083.513
8986.591,10563.317
1668.54,7515.116
14010.797,7606.659
6766.646,3888.121
9194.723,12332.415
6826.466,11200.684
13092.447,13739.235
259.663,10484.5
8168.933,2234.495
8941.718,6690.945
10142.216,9234.475
7003.047,10065.983
10622.537,8677.093
10499.545,6772.235
14568.724,9048.902
14122.829,10637.182
2995.526,2147.81
6941.6,12352.592
12448.314,12991.259
5435.488,11583.622
9858.62,7442.195
4406.232,5584.601
14165.762,9353.48
6571.203,5612.159
10648.627,4356.963
12083.864,8426.656
15335.898,13206.692
5038.45,9022.984
7403.052,7010.748
11761.834,6141.748
8709.167,14592.057
7069.28,7579.016
4547.461,12848.731
3203.497,14317.648
916.191,3811.67
11769.925,15934.278
14620.55,3278.596
2124.992,14890.95
15150.996,4835.909
12905.685,11510.606
3278.733,10430.679
15205.575,15751.364
9467.147,4947.813
10018.903,6348.803
3524.964,3756.249
15453.964,97.98
12867.309,11197.798
4050.657,11473.589
90.374,4355.931
15617.199,2125.755
2827.854,9070.847
2788.199,7150.081
1823.168,7623.996
7860.848,15495.238
7993.801,2951.779
15458.415,12185.29
6662.821,8028.185
1061.968,3059.29
7144.092,5764.826
5015.739,15172.008
9605.631,8618.788
13623.869,11339.709
11645.554,1281.623
13951.649,4719.163
13207.352,5950.652
2892.798,3783.943
7262.75,2346.681
12157.768,1743.153
7469.203,10671.559
8609.226,15235.89
15998.964,14438.893
13317.24,12913.562
170.907,7337.757
15900.593,1387.71
7867.829,11163.369
45.424,2516.474
6157.873,12902.27
14946.857,6846.841
14171.103,2998.218
700.076,11777.002
7394.563,8196.457
9547.15,1687.764
2676.248,1830.954
7134.405,8017.252
5050.696,3953.003
13983.733,7332.125
14429.414,6071.015
5622.611,8361.266
3958.354,5318.961
15096.878,13804.915
12088.366,3834.584
7381.955,15497.036
15799.404,9502.846
7676.363,15002.393
12369.218,989.406
10667.446,9547.483
5351.235,15741.398
1861.245,4439.11
15477.645,15706.584
1297.405,1054.338
8386.613,6718.625
14145.703,14406.475
261.27,6892.07
4676.591,9674.883
7843.635,14653.528
12950.742,15446.304
7431.463,583.658
3636.99,14339.487
5651.475,422.952
8031.826,15336.828
14449.302,7120.131
10817.058,5409.314
3839.079,4066.552
14031.016,14157.077
5173.772,10062.935
3627.36,6226.935
12142.781,13970.271
9954.466,5773.852
5221.484,3322.868
12757.858,7224.473
2036.917,4871.788
15121.994,11186.519
4807.898,622.548
4809.074,1556.94
13104.19,8636.729
12449.177,6024.64
12783.384,5605.976
12996.607,343.47
13117.643,14028.639
3581.409,7414.758
5033.437,3478.284
7991.201,13570.977
8783.506,8416.878
7774.526,10441.562
5468.031,9743.774
7568.257,9921.753
11014.877,6601.597
10846.804,3088.935
11269.937,4193.785
11838.758,7960.853
3039.005,13192.475
13844.855,3645.283
3371.489,15180.019
13022.038,7497.84
4645.82,13167.647
9566.395,15008.485
3778.729,6037.057
11292.871,1594.793
12867.07,15508.481
5723.226,8774.088
11097.314,10728.176
14808.037,11953.292
2311.291,10992.668
1417.205,14875.792
10603.174,10745.52
13541.15,1251.327
452.683,3732.359
14013.536,13023.301
12540.301,473.999
14557.248,1371.755
11874.584,4720.606
7263.686,11066.708
3512.436,5923.318
8550.939,2964.494
14155.977,15312.261
15486.821,8208.086
669.955,1065.076
12181.389,8669.433
604.423,13231.864
13474.852,14781.912
5240.006,14282.411
1255.822,810.656
11599.843,8304.47
7635.354,6845.564
9448.524,2081.291
12702.702,6686.01
1379.593,14223.586
10192.278,6289.573
7832.855,6220.423
553.09,10645.691
1843.861,2620.391
15971.507,2911.536
6233.922,5215.229
2705.753,2968.804
667.753,5397.72
591.43,2539.068
13853.706,5081.986
2607.737,2499.112
13875.389,4214.016
15230.135,473.457
8179.654,7485.504
6624.326,2607.936
8923.92,4606.733
7635.355,13427.375
1056.86,11594.121
15536.883,6371.002
7151.514,12889.938
6363.054,15056.536
9736.908,4013.002
3301.376,12213.137
8481.398,14591.224
538.482,7071.796
10715.903,6551.287
15346.165,15810.543
11643.551,3975.457
15126.09,6366.056
4418.024,14537.218
7783.279,10009.134
484.595,14309.47
14586.261,14878.015
3592.553,3476.844
2033.782,5890.316
15477.539,14823.499
9795.437,15756.839
12281.118,32.992
15143.159,12304.912
4207.031,14123.742
6126.098,490.681
9931.22,4131.529
1243.176,12309.618
5455.431,5276.232
469.729,11531.323
13426.407,3095.741
15813.034,10320.437
593.928,3170.709
4610.858,13593.062
14145.151,15148.225
4671.502,748.053
4259.627,7063.478
11192.187,11876.181
240.707,15725.44
1303.124,4102.472
1835.347,5517.761
14809.768,15848.065
1579.512,1553.311
11443.361,12679.479
7992.578,10067.356
9211.677,8195.524
8332.207,8533.999
7521.19,5347.187
9323.94,8456.187
4859.237,15205.313
13292.742,10071.182
714.327,12238.492
7097.109,5247.005
11975.701,1708.224
15232.737,15109.127
11778.056,3978.677
15589.523,4334.914
12360.223,8899.367
3482.868,9137.353
8967.52,2322.957
10076.898,10162.048
492.566,11435.493
5886.413,8507.224
8908.878,9192.493
5828.805,5064.784
9411.235,2818.646
14872.999,14692.923
14224.599,12471.589
7546.984,14973.563
7779.958,15997.074
11351.958,13080.754
12485.825,11519.908
4636.228,3115.69
6020.25,7792.251
7680.406,8854.689
4794.599,13072.729
9534.217,12300.49
921.705,7494.635
7669.687,13043.245
8734.468,2074.983
14489.509,1386.348
15089.983,2876.263
15303.579,6998.942
3744.593,6223.244
1361.678,1055.822
2106.497,10296.029
7281.434,10496.669
11561.847,132.9
10750.761,6891.193
12131.982,14096.619
15281.126,4558.503
8946.384,10164.119
11039.95,4185.597
12955.152,4679.835
11648.844,2776.226
10147.867,12994.6
3569.262,3191.236
4310.834,2824.828
5068.894,10107.782
5923.17,4530.67
4013.445,15805.152
6317.819,9240.173
10267.118,15841.861
11260.167,15821.638
7049.865,7805.402
11449.019,1269.573
2888.813,712.74
4127.514,5790.481
15903.884,13524.113
3312.297,11552.601
3638.046,4132.568
2342.208,8110.479
1333.738,7555.91
7033.133,6092.763
11379.157,1417.371
14319.989,8225.319
5879.404,10500.387
8833.772,936.361
4531.13,15478.13
3874.667,14035.938
2718.594,11649.12
8697.011,1522.948
4719.762,2712.733
3183.931,15315.533
10780.584,12380.85
10363.998,12719.01
6802.939,13430.848
9018.26,1003.993
2611.172,13420.763
3475.301,15925.218
2218.012,1063.642
9726.506,2871.021
4624.553,12371.506
6909.349,12666.692
563.102,3852.344
2223.588,1440.286
9326.852,7279.636
4314.586,8493.975
15774.2,1430.909
8707.523,14240.894
7081.943,4919.29
1713.246,4334.672
7472.366,6829.696
13511.075,14552.912
3149.205,986.36
1660.279,14275.26
8846.728,10510.107
13400.497,12448.403
8857.954,4114.803
13659.379,9409.768
8815.351,537.576
5593.204,6264.748
9842.26,5172.339
13074.832,15732.241
7455.877,5656.373
