19849.167,10262.49
11352.052,18471.96
22990.976,23293.544
3715.35,803.73
11140.795,805.608
17856.011,22248.76
11110.373,7089.894
1451.477,13609.525
16064.794,7481.127
14318.497,2838.794
5255.872,7382.008
14053.659,22560.803
21694.877,4370.802
9883.807,14764.979
8921.007,4458.344
14005.448,14428.427
24276.633,23503.468
23699.156,14583.111
19677.003,20452.843
1002.362,21759.465
6557.919,4268.021
22351.619,21648.159
6256.404,4902.558
17893.218,10166.726
110.163,381.955
23034.339,1392.704
23192.816,7387.061
600.964,24776.714
21253.572,11678.138
11186.647,11417.731
7688.566,15399.756
21116.701,16050.603
17200.574,4590.661
17245.952,16774.099
4466.6,9716.649
22201.873,10274.613
22737.164,23576.93
5631.391,21373.269
9534.569,17798.532
8444.501,9267.334
12092.08,2625.468
3465.796,12065.198
4677.278,21882.038
18931.806,6328.223
24354.269,10662.401
415.519,9701.303
6021.957,3673.574
20918.013,8935.239
24447.793,14514.162
5209.013,232.174
5632.028,3209.707
5854.03,23176.614
12704.92,22715.415
4033.819,4062.884
18453.865,8734.447
2254.311,2894.69
8051.498,744.611
8649.205,23203.311
14897.091,1696.22
14329.704,8888.095
18181.392,18718.632
12470.302,17630.616
19400.634,2641.398
13929.373,4454.282
4433.209,4068.158
15612.331,15736.134
18761.476,8930.865
9407.001,12304.262
18228.137,16534.002
23671.634,19059.562
18268.55,20866.457
6493.305,20914.97
2306.196,1955.07
1275.346,4884.194
10386.67,19850.61
13277.211,4477.492
15147.225,19115.607
11164.099,22920.653
14545.681,3921.024
13149.992,444.575
22565.263,10368.15
7390.843,12931.367
24338.881,9857.637
13179.478,4583.416
17326.27,3511.284
18288.091,21586.756
541.004,5384.75
11593.868,20239.126
23097.864,22364.595
6867.066,18524.402
9145.827,14140.243
9363.274,14114.674
1880.321,6863.478
15078.136,3541.924
18428.606,15395.257
23736.859,22219.33
16810.556,10204.37
19501.157,13090.632
10857.275,1768.998
2584.782,5321.943
21338.155,15385.098
2060.107,3687.022
15057.722,16981.198
22443.998,11976.078
6837.261,15483.323
3088.887,471.538
4683.767,16438.948
15143.855,16010.11
21651.987,17373.941
11408.582,22893.983
6373.16,12279.559
8472.224,24239.744
21376.126,17189.902
3952.99,17343.992
5927.019,8670.156
1899.116,18997.602
14703.58,22044.298
9845.9,5525.513
16478.369,19638.458
11629.594,16875.269
1621.437,15067.321
11561.539,199.168
11452.115,15644.531
24459.418,24138.044
18720.174,17901.905
14731.677,8117.916
23535.72,9624.529
5467.424,10318.011
18329.598,22953.17
13144.307,8950.209
694.822,21935.344
7112.486,5928.772
11789.487,9178.864
20843.5,24663.166
12806.186,230.626
11518.591,12406.107
1916.2,20842.571
12487.033,21576.783
18376.346,1457.72
6548.987,8166.329
24368.948,2069.101
5072.123,13013.346
16966.469,8980.272
8974.525,4044.533
19982.068,15030.471
4991.472,8534.423
13462.084,20054.715
10006.712,5579.699
12743.285,8917.112
6736.852,258.118
12249.009,5793.682
2209.408,24041.964
4913.141,11831.814
259.35,236.85
1059.986,5204.281
9967.123,16365.08
22265.661,10161.408
7193.278,19511.037
9266.694,10913.712
829.685,20842.684
4718.601,11496.543
14421.255,19251.236
6881.25,21074.335
9860.152,14209.179
11088.83,8829.224
11798.589,19796.7
12199.569,462.343
2891.565,20159.492
19500.096,24838.24
14989.598,10062.786
17905.944,15447.694
14183.237,5468.258
1749.266,13858.121
12604.723,512.475
390.273,12823.242
21073.862,604.245
16424.779,21762.365
3577.393,16928.494
9382.145,4761.676
17730.325,23175.765
21547.469,6113.041
1822.611,12212.967
19219.833,19470.209
20350.092,19335.79
10790.885,9762.086
13296.01,11236.796
442.718,16837.039
16723.801,15440.854
1150.62,16108.209
978.478,19191.449
1821.833,22003.532
9376.913,17638.152
6128.428,16126.866
7968.944,8875.139
13123.585,3439.916
8120.081,630.753
17328.4,24523.249
8216.703,22883.362
13287.662,19.182
24239.319,21719.958
23016.624,21210.948
41.918,16480.984
8255.041,12257.329
19410.876,7793.64
18157.212,16822.466
16775.702,2168.796
495.375,16202.327
17433.173,23231.142
4557.054,7564.629
16843.137,15561.902
14894.428,10504.813
7265.586,2686.807
6415.772,6098.152
4444.602,1015.473
7428.815,8640.18
12246.038,8044.804
6251.852,1211.731
12754.165,7791.564
9713.989,20581.601
1007.268,22755.085
16565.567,16300.389
735.121,3733.377
13182.054,16008.924
20226.307,2833.59
17168.974,21531.446
18715.51,7159.082
17437.41,11195.503
8611.125,8194.78
6416.305,3233.979
11843.489,20500.654
9119.24,9545.266
10801.217,12897.594
18932.129,10149.53
746.831,16651.618
13578.119,5876.577
7823.447,24689.74
21341.184,19832.423
15431.482,6435.581
17133.681,7850.899
15140.672,16879.463
3371.793,6339.452
20363.121,23137.673
15687.693,20491.824
24188.918,17053.861
20326.612,5812.084
19812.852,76.513
12117.804,12879.849
12518.35,11017.158
240.135,6947.088
8491.148,20902.939
9603.663,16378.924
12568.849,7878.682
11192.819,14663.097
2372.149,22167.213
4407.946,6331.483
18673.885,21356.471
19125.239,3810.764
2494.294,14881.424
4805.857,4084.387
8537.075,600.991
3753.144,19002.102
4514.341,6820.058
10209.886,4511.946
15746.298,3640.425
788.651,4341.079
758.237,9228.997
7870.745,11583.23
13382.544,914.498
2683.538,15953.602
7300.695,23185.301
13536.05,823.894
22794.978,17447.091
19161.572,16897.855
7704.978,17104.761
2001.817,4624.228
19425.103,13475.117
3049.618,21412.379
21243.544,3614.089
17417.156,16520.493
9765.079,3279.845
19044.013,21757.635
16969.544,6055.795
42.069,6803.867
18207.998,20990.544
22130.377,20192.772
3337.001,22813.074
7814.577,3819.491
7049.361,18245.546
16709.22,14509.481
18337.632,5826.126
24721.942,24076.874
4743.056,15711.568
8599.393,770.813
21460.224,22119.381
6549.861,3394.882
20962.16,14690.455
10611.536,24425.66
8013.202,11772.84
21952.17,7788.391
15609.053,6511.54
