505.703,13675.404
5117.128,21721.175
16651.17,8684.719
1628.591,8937.112
22606.153,6203.091
3669.689,15421.902
6987.226,15645.402
21776.76,1347.425
12248.21,10897.06
14514.428,3780.92
7398.459,9448.192
1765.673,7009.845
2992.63,24394.866
11871.098,23623.128
12086.09,21767.283
1433.713,19322.827
2788.776,24014.059
22589.306,18140.381
13660.208,17454.066
13180.044,17986.851
22020.665,6345.863
18495.926,20425.021
18814.301,12327.241
11554.055,2774.487
10567.321,900.065
15087.092,2576.846
18427.626,16085.35
18266.147,19137.917
7794.838,13527.476
14547.383,13863.945
21601.227,5906.27
123.398,17891.311
11438.925,19315.28
9813.247,23849.927
14188.808,22732.116
18410.44,24855.158
15438.446,16663.669
20170.893,15150.443
10946.076,19007.164
17145.555,17070.622
17373.816,17113.819
8653.925,15986.623
8542.156,14702.011
19226.004,21952.464
19178.75,17669.185
21977.45,16853.792
22713.613,12829.4
16453.651,21486.53
13183.853,3752.683
18572.663,12096.216
12049.963,20934.953
4628.482,10453.059
7454.817,11066.52
7218.115,19687.343
116.501,21736.632
10674.699,1770.784
17486.76,2961.918
895.206,23963.255
8044.114,7143.714
837.656,13703.495
24150.634,7209.201
10894.013,3255.357
18724.783,19082.708
24959.104,21139.087
3916.816,23669.294
13387.183,7361.357
269.143,6243.754
1232.097,22886.592
5186.35,21477.961
12948.332,14167.896
17487.545,4501.245
19195.678,13309.81
8499.604,4169.65
7175.367,1145.914
13839.221,18744.891
19572.137,13743.534
48.899,17493.878
21523.177,17053.36
3179.864,24229.903
393.379,7472.804
13531.505,18619.991
10111.844,597.511
4847.381,18477.917
4427.394,10917.86
3983.086,22676.668
1193.337,18589.346
13056.614,8707.474
19362.358,19172.195
7678.216,5219.536
536.318,13008.063
3417.175,9451.432
6296.487,17952.068
12935.673,23989.699
22931.345,21760.411
13208.668,7372.314
19627.242,23261.735
815.21,6814.808
21650.127,1567.812
3993.032,5347.895
5480.773,18787.838
6943.647,521.208
2949.202,2610.581
9264.143,15706.756
5236.485,4287.093
3969.613,2301.873
5491.284,13099.61
15439.382,13955.186
9663.937,21715.718
10017.266,13728.826
6995.893,22893.044
22443.659,20122.376
211.917,5149.085
19122.612,22920.736
5605.921,18525.927
1672.314,2895.994
22713.807,6829.946
1810.043,5969.738
642.405,19814.454
22167.334,20748.997
20462.172,22691.488
14694.798,10929.094
23190.993,22775.05
242.935,19180.161
16833.375,19402.459
8169.386,16690.837
18277.1,19148.695
13040.752,19549.872
16376.615,22400.737
3856.601,3603.176
7655.231,7612.527
2797.367,22177.359
22741.887,1340.501
19720.628,3976.709
22135.618,2433.542
17844.823,11608.47
21037.716,2350.56
21547.264,1855.591
19645.423,10305.463
24153.182,1040.258
3727.381,17397.615
10258.151,11479.033
6312.794,21151.849
21888.936,17831.354
7550.974,17203.443
17119.439,8348.286
16303.404,17370.355
5102.669,24661.053
12696.189,23842.081
17398.933,7827.875
4876.561,10646.902
19445.265,3982.688
7005.32,23127.216
18721.945,20302.365
8209.104,1667.905
4642.208,24013.711
13023.594,11941.088
17845.679,3919.369
20974.11,23820.696
15667.684,22479.451
18313.682,17216.282
4572.828,16612.323
9945.562,8731.421
13499.461,10033.685
14985.452,17374.752
3700.148,15701.057
19789.305,5170.499
428.124,18918.79
20881.982,4281.238
24191.951,2033.008
6066.626,7722.691
4015.29,22784.281
4068.663,2418.0
1212.425,12073.552
3717.697,684.273
14647.146,21851.225
13773.018,5407.44
3213.285,4817.016
24253.518,3165.982
16257.725,1131.252
23518.194,13335.925
2266.425,24573.254
6341.131,7865.694
15302.459,12234.626
10135.693,16037.6
5883.336,18850.565
6621.507,8748.409
14204.28,14891.538
10516.59,14839.262
11265.468,6692.523
21181.953,3796.506
12153.31,5766.557
6796.572,14367.296
24092.808,15641.775
24576.575,7294.507
21708.29,24702.995
15171.441,15279.009
4269.158,23541.415
380.745,8944.944
13466.415,8977.497
10104.538,2327.203
4676.407,988.959
13458.295,21651.157
20749.223,13769.35
12280.863,4140.522
20781.415,14281.156
19483.993,6472.225
171.581,22909.747
19782.186,20195.707
22034.767,1771.647
16517.664,15406.134
21700.435,11643.346
21683.658,20623.752
23987.488,4804.825
17056.546,22841.161
15855.387,22949.376
10168.313,14497.692
18679.508,2514.97
817.041,5122.079
1963.713,14184.162
19930.816,14437.858
7532.39,23517.44
11883.562,24577.698
15915.763,8151.599
11312.673,11648.323
4988.888,23043.153
2298.099,7968.021
16183.984,7840.037
9323.172,13735.13
11031.153,19986.112
23118.108,15688.096
8622.816,400.416
16394.015,4337.127
18207.852,3189.68
22790.859,13371.198
13511.726,19214.533
12203.604,10212.624
7176.819,23893.764
176.442,10598.004
19048.409,17143.186
5632.241,4219.552
9808.136,1809.091
10100.478,10316.612
22256.339,12395.237
24620.871,21481.51
18746.153,4937.815
15499.094,18154.318
14735.06,2780.607
12330.8,5185.285
1170.548,21336.065
17846.893,22408.755
3635.919,7442.212
20120.391,5712.539
13880.964,6858.028
19576.008,15369.983
19346.262,4276.719
14467.789,19295.884
13316.889,4405.205
16164.624,11130.416
14398.593,16512.717
13744.425,3539.84
3577.332,16175.877
8443.925,22443.733
24392.248,5352.593
7029.829,15663.052
20076.892,24117.192
12141.448,23029.812
18917.038,7323.497
18003.169,3536.413
7560.023,24251.615
15088.479,6690.637
20152.658,6927.027
8574.739,20599.911
12127.117,10936.316
8712.703,21036.618
15074.253,14290.32
21170.044,18771.325
6852.593,18801.952
20196.841,5589.971
12394.627,2274.123
18537.768,13263.276
8844.644,15481.869
24103.627,23821.15
229.687,8066.943
2111.265,1798.444
24665.796,20437.405
24258.539,18683.979
8858.488,10947.185
7151.456,11516.464
9524.866,1747.316
7678.044,24433.917
13275.645,2672.838
19061.061,11952.606
16460.036,7154.918
21546.344,11158.567
6446.376,11884.918
1982.958,4732.081
17554.349,16603.819
4319.405,3657.289
11982.968,18217.439
12850.96,3659.935
