1409.148,8301.479
8556.382,14414.975
6940.952,13920.234
1305.135,3035.797
5787.518,3599.98
4662.417,1356.87
7515.459,6133.502
11758.302,14138.463
13238.531,10230.624
12903.51,6309.565
9708.329,3114.289
12873.175,7378.417
271.43,10042.293
8321.741,12292.269
11824.649,5502.126
14434.722,1160.05
3721.803,7482.502
5294.923,8591.16
7284.868,12271.247
5720.84,10551.857
3027.584,2205.118
5695.974,13558.916
8695.929,8242.887
10315.188,4805.24
9647.558,13105.757
12421.053,1218.635
7382.379,5784.094
3830.434,9367.905
13471.17,12172.666
3997.752,4320.947
4702.982,12371.4
1533.879,14238.003
1292.953,12491.125
2574.913,6895.538
13942.146,12887.266
12630.175,13798.429
2694.327,1965.591
8083.835,99.923
11640.128,12288.373
6071.858,1428.01
3446.789,14354.022
11201.394,383.282
4330.535,2514.092
10952.767,2524.752
12828.502,11508.724
3002.913,7562.172
326.006,3181.115
12695.155,14739.36
535.416,3712.35
2416.164,282.308
3946.812,11397.953
1182.208,9226.348
7877.347,11596.756
4419.025,3818.79
2279.782,8935.314
4480.75,3761.29
6898.918,5443.479
2853.235,5554.366
4110.102,4174.804
10980.51,1403.075
902.357,14230.379
3358.516,12853.878
12749.031,8078.089
6736.721,7902.417
1646.329,2650.228
12263.937,11978.444
11602.128,11270.846
12586.312,7575.549
6688.725,8037.552
7291.193,6755.515
1753.804,1169.617
13476.363,12377.895
7371.902,2775.73
5699.194,7487.646
2801.088,3120.862
10764.404,1490.568
9931.943,13491.008
13971.657,13080.475
569.23,5692.242
10555.341,12175.08
13706.134,7306.883
5741.43,11652.185
13966.627,3259.1
4627.746,3467.929
9532.301,7457.745
11174.042,8885.835
11362.431,9804.018
3288.292,10633.206
7338.073,3331.017
11739.698,187.764
7493.776,14717.945
3.711,7242.097
7712.277,13229.015
627.198,8579.331
6220.012,3279.433
1426.123,1846.258
3479.096,11932.13
5911.43,8769.184
10277.741,9918.508
3208.108,5534.107
6979.88,3909.804
13898.753,14255.177
10939.766,2156.228
6868.515,4933.673
10979.396,11648.356
6466.871,2070.572
4976.475,9630.227
1637.685,2096.967
13149.904,5477.844
12434.263,10382.102
11001.516,3999.669
14731.596,7398.073
8959.548,10630.4
9906.181,5346.673
7741.483,10153.75
14989.779,2169.05
7603.114,13585.419
544.293,2303.956
9042.954,6545.564
10010.819,4622.565
11.195,8322.539
1248.512,10888.892
10503.122,4482.101
14644.663,11317.04
11550.119,13906.977
4498.513,9356.509
6122.191,7436.695
8685.316,8856.277
13277.847,11023.911
1481.654,3162.257
13335.072,4559.554
11795.548,3002.747
664.575,13560.603
1844.393,4189.612
7384.786,14703.268
4256.044,1732.677
2773.456,5363.006
14641.289,201.599
2013.467,2372.935
10441.288,4404.639
9854.459,963.862
9227.543,11390.353
10553.485,57.585
4672.952,14500.101
11333.036,13139.347
8265.737,6723.367
13602.914,7789.26
3843.641,3507.157
5128.374,9973.216
7889.211,3660.526
14757.448,2723.267
11789.395,4560.181
8889.779,14498.183
8100.19,9579.74
13894.21,4112.681
930.581,1000.895
3029.593,6700.863
6348.601,411.538
10148.155,590.615
4950.975,1465.283
3298.313,11354.541
10512.393,14165.475
9906.985,6088.026
10145.784,5490.827
11800.924,4452.529
2457.692,206.021
5346.739,2554.647
11930.804,4653.85
3191.964,5080.972
8200.107,8428.394
14910.232,2205.615
14472.233,11430.807
2102.597,8842.426
8807.651,3789.6
6509.575,2765.572
11330.484,8197.63
13923.058,2045.908
7920.647,506.756
13598.823,9876.935
980.831,12970.522
11246.368,4347.888
2666.198,12284.019
2678.521,10399.981
8533.911,3575.3
13605.538,9367.24
7772.586,1546.668
14468.399,7863.715
12737.734,6042.699
9437.739,1168.768
12783.243,12345.648
13002.468,219.052
8015.033,14622.583
10302.828,537.094
10388.726,12927.817
10147.226,13328.645
1455.305,4514.282
5258.503,12289.42
6491.365,7985.667
12770.345,11147.573
1027.95,2451.066
7667.986,3577.118
14633.773,12827.442
92.123,889.642
11893.819,1950.229
4273.244,2409.561
145.198,14099.346
4397.517,1572.065
3602.463,2224.248
6139.568,10315.134
2213.302,8694.176
10379.197,11590.786
12330.011,13773.778
9795.377,2621.833
1623.001,1871.105
5390.45,13563.194
12109.753,3498.715
598.403,8275.442
12139.694,673.979
7892.112,12848.871
9900.407,12518.791
3341.484,11951.599
14124.774,12887.996
1544.783,6345.286
14096.284,1069.533
805.453,13869.735
13716.365,4652.723
9491.128,13186.012
8072.321,13116.885
3928.028,6606.34
341.898,9682.005
4985.488,12292.507
6496.068,9474.811
11381.786,1747.943
6889.673,457.469
4577.543,9038.254
10413.89,9300.756
8843.288,1302.965
10027.57,14726.328
6899.977,1445.777
9560.341,11637.264
8033.83,10892.653
12367.219,13582.076
14430.267,11678.519
5198.333,14002.444
7997.004,5892.381
9854.88,6701.558
14618.892,3886.052
1195.274,5730.518
3534.014,10875.203
4533.06,976.433
13994.866,3812.476
6990.234,10417.77
6764.884,9204.336
10857.83,13350.348
12480.337,11837.134
12162.006,14860.835
13732.122,9414.426
6205.467,2846.253
4294.609,7216.394
8283.998,5298.255
8602.07,1150.155
13306.884,629.771
7345.048,13815.289
813.781,1806.128
13761.619,5879.13
5433.578,1032.404
9459.4,12112.45
11632.704,12067.988
13605.265,6674.061
14752.84,8405.125
11961.212,4689.447
11115.605,8881.184
3371.231,14055.217
8570.221,6749.974
5584.662,1097.423
2459.488,1779.445
6177.816,1168.441
12806.575,11131.655
9778.834,90.774
4982.049,8588.88
1538.669,6807.897
14580.829,7800.648
6440.343,5092.858
5414.429,6149.569
2279.986,8251.983
12881.529,7762.952
14230.498,9773.732
7666.272,10980.036
13822.262,5727.885
4662.6,14404.934
12395.875,9791.122
1190.196,14203.161
12779.709,12448.437
3708.465,2293.82
14969.829,9249.586
4677.072,7759.487
4247.641,265.314
9492.143,6322.875
4029.93,10450.484
9449.912,1052.955
