9655.369,11894.262
9900.076,5491.587
14810.845,5583.413
5976.66,12454.006
7896.113,5272.402
10836.651,11930.375
14793.044,5079.877
14547.063,11086.255
5333.463,13514.818
9850.302,5992.855
666.183,9597.979
14165.273,7335.93
7769.233,14401.673
9497.416,1011.333
11209.725,1986.707
13760.172,7627.165
11706.782,13537.895
14431.829,14870.756
4585.454,9912.635
9425.76,3055.688
406.991,8585.614
12853.117,11631.625
9333.858,11051.567
8722.069,5256.535
11063.846,12386.949
4597.728,11493.612
13346.916,10683.397
5544.659,1149.345
11403.97,9739.009
9405.039,1650.467
192.302,3948.936
12860.793,12600.99
9960.209,9281.222
10906.703,12731.671
6545.811,12517.868
5956.134,11941.289
523.19,2673.495
5182.869,4345.857
9845.877,744.39
6176.967,8187.691
1188.973,13821.834
9442.345,5197.032
14243.016,7606.214
6385.877,2904.593
883.261,6104.374
8434.885,2160.733
4252.16,6062.775
3561.38,3916.161
8258.461,128.322
2161.255,1248.568
12035.966,8962.911
13754.559,637.595
2038.94,12434.094
13182.357,9372.102
1585.697,2738.515
8124.066,2759.636
14374.393,9055.779
14926.444,7596.283
10977.9,1542.526
9777.995,4291.558
12991.71,1096.327
1291.296,6975.72
9.183,10754.019
2391.619,7433.921
904.315,3630.126
9249.804,2025.05
13788.411,14803.037
10531.946,4537.458
704.319,13291.773
9654.383,4764.264
11638.579,105.144
7667.149,159.811
14293.176,2907.95
7572.925,3187.158
6089.74,2098.125
8120.375,13492.313
8459.848,2432.57
6718.023,5182.062
7930.81,922.429
11244.128,1202.839
8833.171,1409.755
6904.939,1418.262
6902.496,2067.494
11973.585,14196.367
12514.212,3584.838
11870.757,6172.925
2760.327,14413.904
9587.169,5624.042
9508.177,2490.914
6826.922,9571.028
8891.927,10841.73
12778.425,2913.452
3357.528,3104.327
7871.119,14247.25
5992.23,6030.188
9731.938,897.794
8620.594,9198.347
4291.946,10645.432
14252.752,4624.8
4792.323,4990.403
2469.106,970.96
1721.935,5647.362
6831.019,7853.112
6319.461,4856.154
2251.311,3340.432
6653.562,10783.547
3358.472,9674.744
3826.793,5295.482
7706.07,3067.451
5826.383,1597.35
10429.396,2545.906
3893.544,14869.322
3945.785,11019.167
286.749,3103.609
5591.09,12166.549
263.838,11878.963
4504.75,8331.154
14042.287,4176.623
14050.885,12953.825
11155.462,6860.06
14004.535,13509.715
2594.19,11767.819
7387.896,5784.087
3900.437,14071.486
1083.686,11880.911
13557.811,779.844
6227.061,8985.924
889.758,7705.808
8359.471,4783.219
7592.472,4213.614
3059.88,4789.082
1083.411,529.539
5597.519,13495.721
5983.774,2975.636
1559.855,9040.383
4995.545,10916.398
6184.511,14457.436
6688.773,3983.075
102.048,8724.881
4517.616,4949.766
827.242,9708.278
1873.914,741.439
9229.454,11487.207
9830.194,10963.093
7486.927,7588.664
4931.843,1286.095
9967.449,7031.777
13474.563,10566.773
5350.868,8082.153
1052.131,2219.519
9958.289,9733.382
11808.924,10228.539
4937.497,6011.671
13832.559,5157.74
7506.442,9284.229
2833.455,9424.97
9670.356,2400.951
9758.393,10219.443
14120.62,12627.472
8401.592,8003.33
12155.374,7631.292
8245.128,13189.49
2760.483,10422.636
12164.104,506.809
217.047,4297.416
8459.813,1060.574
8875.311,3357.428
2640.465,14464.857
3744.954,8274.537
13509.458,5548.588
11083.267,6144.801
692.978,3677.441
13898.785,10827.479
12685.964,8840.212
10817.335,14067.097
13674.256,5570.476
1733.434,12102.505
8498.776,2826.714
2345.127,13993.837
11154.184,4352.162
5495.92,9415.67
11267.347,14023.91
4386.535,12199.553
2707.521,6977.303
9034.727,262.856
13010.569,7098.552
4085.919,1244.617
6995.946,13277.947
9113.696,5897.405
10229.083,2890.904
6672.583,8900.303
12779.726,2938.001
3247.805,5875.29
5657.205,13480.628
9434.379,7040.266
12222.385,8627.798
14173.15,1020.411
12853.4,714.41
3738.48,4131.57
13734.26,10545.025
1308.909,3319.165
5484.06,4473.955
7578.912,14778.661
14298.126,13881.48
8803.669,4602.22
12369.112,4931.03
12306.828,4675.847
5336.405,13413.495
13817.684,13834.85
5049.118,14081.31
14215.369,3019.304
10840.401,7099.327
8615.289,6423.934
5086.116,7480.304
14607.16,5178.475
3974.901,7007.496
10995.576,11433.621
13992.637,10328.867
14761.486,9114.287
11552.211,7013.566
9140.154,14280.03
2977.835,8937.677
667.047,11338.064
7250.692,13677.991
4076.859,14922.474
12048.95,5815.083
12945.751,12196.642
13178.338,7258.426
11709.676,6916.69
6820.849,13090.421
8913.792,495.686
9261.885,14982.742
3268.591,12917.919
8743.861,3611.082
12446.465,819.826
4028.877,3578.159
8745.351,3309.958
4547.538,12917.237
13619.394,6312.194
661.083,2735.153
9498.983,5023.459
835.139,9339.953
3186.232,5330.902
7893.047,14699.769
7966.935,7455.986
2817.869,8155.204
1287.851,5426.441
6319.413,2264.609
12086.331,11679.431
12203.16,4552.255
1190.948,13740.274
12304.236,14506.237
5016.646,13012.903
3238.599,11344.189
13067.689,9603.678
345.803,8051.105
10944.794,11278.883
13166.904,1735.671
4282.574,947.929
6818.981,1700.046
7554.795,8272.263
13001.154,14905.776
6713.436,11784.171
5680.756,1879.015
10213.527,10250.658
14680.544,8151.62
13298.966,215.173
14602.972,1762.614
10755.816,12953.139
2016.49,12217.821
9186.164,14466.604
7.061,8909.567
3122.792,12218.954
11834.507,11437.431
3174.543,4969.367
10909.259,4759.478
2327.445,4237.43
9548.804,6775.474
13718.152,9308.795
5320.31,9698.545
14335.534,1983.846
11008.549,12443.576
8970.366,1015.425
4452.353,13289.693
8466.66,2102.457
9086.866,5609.762
14994.682,4687.58
3052.402,424.19
7412.983,14232.567
3532.159,5245.169
2644.95,14843.586
12499.75,5194.172
4722.205,7392.796
1947.161,10630.912
1606.419,13805.721
9718.293,4256.293
8545.115,13514.071
8189.68,7521.513
700.077,12361.744
3747.296,14594.831
