14199.580076344693,5271.384993700704
13437.645192739248,4050.49128146973
14567.338795225518,5820.818914317924
13527.136116315598,4033.6743400181217
15692.0,4571.354467106809
14902.90132247377,7175.924069175939
13908.51511439417,5213.908099418333
15917.0,3845.8075749148306
15245.360200717507,3523.78840515541
14838.610914579524,4927.606253690968
13498.95589726918,3992.659902914061
13732.74375751696,5365.6972056479135
11961.006784129908,4901.8630698761945
15173.348851283868,4353.790266985742
12067.352002952397,2282.047885392958
13879.16437846973,4586.904863915943
14067.137058465974,4457.5812252127835
13136.798546077112,6075.652833788215
11844.176610932473,3618.898544407204
12385.995932812208,5407.758606451479
14471.054899949693,3809.5832528758338
13240.083610436835,4150.80791799604
13408.993812874345,4119.968998755002
12116.888271746395,5136.105275226249
15160.740173456144,2278.676551992959
15431.459905432228,2404.0148680901184
15799.0,1309.4805703442835
15472.723320355777,5408.38387465749
12778.057245118422,5764.58443391459
15173.361544548548,3958.1907229547587
11632.609564020624,4165.941049427291
15737.010497587702,5429.4424079155015
14146.512806738087,6794.803489314454
11413.913693090572,4955.622219070759
12874.95847471989,5505.8014155117835
14921.339717111992,3212.0115191913283
11519.473869518213,4467.183388483435
14390.879225328905,5279.819708344072
13202.915538547706,5547.089320081549
12762.23389818647,3540.3571038710597
14892.67548782131,2766.0951302897615
14625.607145829481,5557.803369870031
13729.251400844012,4980.6377779435525
15864.0,4348.925286269258
14526.007833918675,5113.726278819881
13103.689120079323,1250.5532575396956
13986.117262537393,3890.3560001675246
13092.401667310272,20.39882688807711
14348.295015420339,5049.045361728537
11526.964913987049,3262.688643568278
14985.794055090959,4054.590614075824
15054.48946547059,3311.918901993274
12986.479078158385,3827.0395718975324
13011.92786038074,4640.299322933453
11545.353858319775,6076.399141176185
13711.374495554703,4294.856692416648
12198.430386258557,4377.892903867137
12456.716073028756,5465.966291802481
14028.910853674375,3838.6978352918527
13890.544871477769,6181.117568552046
12464.63877758853,2774.1565913394616
13259.480102509779,3478.678202630674
13972.43067339658,4940.5619502556065
10328.045642125267,5631.422195650097
12514.520821751483,5214.3282758701225
15439.440539370466,5258.405700943692
14675.836981172772,4165.068577715048
14956.84899447946,5542.402134156153
13246.33393277721,5940.556025510221
11648.943178629694,2907.155593364644
13018.393400218925,3923.837806226635
14826.38322185811,4485.09810194106
15060.621968845913,4639.6847322760095
13449.598357930165,3987.9366951426327
14543.194056620783,6917.439898612336
15523.245063886137,3661.5593282168074
11088.043417572126,3519.1951367967727
12860.309360262727,2934.7594049051468
14298.911248544668,1449.2799489091421
15826.0,3184.3543486440326
14317.089496606779,2310.259506568873
13622.39431495729,6665.082251055683
15099.7731484126,2869.6122472415736
14085.932650989003,3719.9819989842417
12586.456184137069,3951.5561166364555
14880.04591272474,3773.6788382340874
15623.251319816429,3876.3823408493563
13378.182876930408,3600.173621895163
12881.106784739814,4581.833888152202
12815.690259419349,3477.722756189008
13004.827475042644,4369.920892098651
14825.998268946916,3787.4522609822425
14571.08758769044,3982.860119756335
15545.0,2342.131982474345
14643.873430418942,1486.0765772023115
15047.043655919215,5263.645502117323
13738.777166781436,5329.7343392508255
15370.252803618117,4043.0382484524976
13119.221323524062,3345.9825703067395
15700.0,5723.5896739635955
12939.419031362635,3985.427077974311
12621.614354987203,4402.596652116877
13423.656331517037,2531.9013460639135
14353.674894561304,2829.9550227517866
13618.481792169492,2989.3180055309567
12566.17264804495,4688.493497662762
13682.640753519476,5836.839461899402
12855.46655208472,4482.617841690706
13316.254414293777,2108.4459743701623
13795.989762677647,3035.7316891075216
15147.205837487027,2951.5939583850313
15858.471266059876,1718.925614968815
13887.385244003466,3221.654998229663
14660.661008857198,4249.165628032312
14882.988469846227,3611.230598033336
15798.40133469517,4682.819559058937
14452.949611469756,5064.225006414638
11982.831209031541,5451.951805031425
12367.672924072871,2781.616873985271
13148.64256924933,5420.568679783979
11292.126599777219,5893.369565483488
15758.701631486018,5329.484474571771
15769.950127420205,5095.797606058366
14033.725841521862,4887.346944672485
13770.78809328869,1668.115357565256
12853.500804616908,5853.597356708532
12997.852167927009,5416.932337344006
13877.020415162197,5004.493873393655
14506.709353416496,4306.8371120199845
12785.987330448892,6024.108790029129
12628.029956753737,4248.2772563482295
13674.639217533573,2894.772916959386
15416.329320532095,3958.178937739249
15525.507744231507,2582.3251063267016
15934.0,3807.9568150457526
11576.875738180326,4946.142004014759
12229.375759588645,3374.2934267645064
11959.729063061923,3854.9269283990634
14655.037520830816,4327.451827641885
14439.571388461298,5126.126294923479
14944.023146889127,4154.60773277112
14585.387944402235,5507.155998805993
14104.070276427612,2734.8577837546663
14625.727790698458,5485.793735003863
14080.960167418056,5115.889782657539
14068.26626373035,3797.5268008209887
13163.119278684297,4198.771811615669
14084.560588027902,3691.189789964435
13676.947626317966,3633.751117439933
13281.448013129655,3071.3995156445335
12884.869868448846,4736.6799456283625
13037.819109546064,3769.7661049783396
14867.711607693696,4698.151658065069
14989.641828338341,5538.3170173309645
14872.00009032849,2275.898134596777
14584.70036110327,3195.7524102208795
13132.144915581193,3622.4662015642666
12152.83611523173,4045.1404716649427
14403.41424233973,5340.248811194931
12189.28777544651,1744.2137089595585
13120.191422499098,2295.8454645354877
13099.30773934212,5384.016530106968
13205.526476750976,4243.086544751964
15751.491577912491,2156.1020002081896
13122.007042532457,5417.787385954591
11914.111922626053,3843.3337884467255
15553.962219461211,4305.571114043885
13686.599515498949,3474.0861443202148
15133.786725292473,5601.721486323449
11918.326253886458,2931.567513547963
15789.0,3452.7084847006186
13136.511494457185,4229.759448645419
15524.799149303306,3135.479354965646
13903.555708148624,2112.921380234802
12489.26740430856,4758.714508705
15859.0,5253.86496837597
12264.510437453104,4897.411243804135
14459.314217050282,4744.380692208359
15998.0,3479.0308255608306
13860.103850062118,3528.8841814478847
15215.124662864482,1329.630117602862
13482.757702755416,3586.130496261626
15772.34787786143,5582.765169010865
14735.985620150745,5062.71772273536
14228.919219993182,5127.174108760825
13549.990640368858,5587.085906652232
13866.074097747045,2040.58085218566
14419.823524997424,80.13989625513068
13715.07118704361,3417.0539229432347
11904.782697203444,2999.3323797495805
15299.981147967672,4648.081771531884
13533.726737027613,4235.059152408088
14613.420859354655,2855.771809914647
12688.509276578292,3597.38188068584
12561.810148932864,4655.460947596026
13345.685954720755,6088.3853522079025
10406.945329783435,2902.0830203884784
14773.451035320148,7308.361006291465
14980.058678709916,4669.346524650557
13635.940415883082,4166.449474900405
15743.5299826872,1679.276854144919
15383.04352816012,5858.390245447783
11217.077773670126,2845.0332710367916
13675.47784804878,6222.813403990767
15177.173892255812,3536.6683938405504
12502.548155059185,2579.72087424397
12048.625166793441,4682.733570788277
12144.485779506982,3305.6158365165566
14232.392757855372,5188.239991347005
13926.15803187196,2100.9343719468534
11288.113197139575,5558.346126399878
15111.514012023988,1585.4254952305696
14242.747024445105,4331.336724256264
13851.138631284522,3821.435106992577
13525.425178423597,6079.776711916576
12011.872300383118,1888.5210451632765
11490.017516139302,4105.868657270664
15805.0,3176.1664086468454
12384.744641751106,2622.101582180476
15921.0,3556.967580959526
13225.063842161107,2613.6426351632263
14939.059850720972,4446.4449958110745
13896.78477444811,3701.8559240347327
13927.437402874304,2235.0903390569624
13457.78671772184,3749.127592448641
14054.305937893812,5419.038797753376
12810.510997068917,6054.275437834111
14335.926450726973,4102.16534263471
14103.254655019125,3139.729720377873
13263.391025224038,4564.092528266044
13009.983643282192,5211.994115041352
15886.0,1327.2891163017116
13876.124059040578,2629.8374782923847
12946.725672979204,4109.98917741468
15965.751371468621,88.19833265159104
14417.81816274506,2657.0687444637215
12962.284934483376,5233.747467094334
15135.284858176869,4341.692328184012
14013.852145825878,2601.6810393025
14462.09019641546,5064.489122527652
15803.0,4045.349336698271
13179.687771085664,5896.409771817112
11028.17478029733,6250.635487829661
13120.099663307674,2286.5133579824496
11012.247410929533,5908.845766744774
14543.229124765876,4051.136109504987
14383.702180833663,4164.7804769613
9727.312148420959,2321.526810167744
15448.724079094472,4442.104826707598
13936.145887884604,4312.158417901093
15469.297873046222,3598.7387702430115
13100.841287288571,4028.0545780626035
15673.0,3164.657099751893
13958.977252307428,3185.376727964565
13927.988130913609,5596.346335069294
14455.580631348363,2924.904148969777
15945.0,3286.97609421604
14598.068531972047,3350.315257685138
12589.413313910856,3856.204982693698
15628.0,5264.574904475848
11918.35660049567,1599.046786949772
14270.28882821291,3658.9546357911054
15060.555234444862,3622.7940446540233
14640.273493643757,4964.756085783548
14781.560310490591,3378.458323369732
15074.626174263733,4413.034493381128
12982.501626273854,4508.190073096422
12785.133902877193,3167.4894471848684
14187.846245215089,4632.596224593398
13112.903270535431,5199.0582072774505
14868.41817228313,5627.884448051281
14758.56185942628,3865.862194963665
15102.093111584185,4796.810383520899
12598.595714699532,3637.3826739478977
13715.662380133703,2388.8717578996375
11310.754683748832,4107.617436155414
15552.0,2913.7236203536268
13636.355366040048,3223.888136841579
13500.937048197176,3412.658774216337
13646.857015145531,2377.714477379548
10635.866905601159,3854.3122053362927
12639.008181783769,2784.831740579859
15041.45785429466,2270.9650042268104
14266.733086329203,4908.069883234662
14270.463818444801,2987.9376440523897
13296.784497511544,4161.2720975795
12767.83562719647,4560.86868910107
15029.497620147738,4609.998328916059
12621.097812853455,6190.897338066309
15095.805838568518,3841.998478239589
15765.0,3817.1041885961845
14312.231933958159,5603.265739229082
11432.677096384254,5597.744125969699
14816.292139597193,5031.614562854847
14343.255131686574,4175.928509153206
15716.0,3389.779548860382
14192.788962794753,3431.935618187851
15777.362708316123,4492.293107192561
13426.373755006493,4206.700533647151
12225.311932967812,1680.1921264452153
13662.89492420851,4710.130867576385
14437.605689661214,3678.6415173225687
14352.26462864636,1569.3954041788538
12589.843279847795,4260.550432938369
13376.463700977529,1804.3103087928625
14609.441704516772,3583.5394506744788
13242.235743133422,3718.6488642723352
14112.81037790426,3622.0749484810935
11290.820929343385,4286.423187871483
13377.854992496039,4264.383082776795
12164.21639531388,2470.4879356768565
15826.0,3855.5300011764975
15870.0,2681.6733064273544
12443.445456044525,1926.8892904417216
12617.025160282252,4693.162253778222
13300.926675677703,2144.703841362612
14516.521573955462,2444.396210848932
14930.416537233874,3883.4681025232258
13567.294283889813,4669.4446263477375
12411.528502803421,4088.2926874033333
12471.778311453778,5454.890351727349
15315.203318398606,4944.0889598498525
15876.0,4539.507817617206
13029.875537990572,5924.05887399761
11794.377976972624,3330.4867484107162
13547.218350369705,3856.299876986017
13660.661903660251,3089.468004711691
12897.738943236589,2546.3446789018285
14388.705152882983,3939.7213377209014
13767.227457373521,2219.74899723425
13204.02790595666,2737.8492274171285
15598.0,4972.2573439460075
15260.914851021802,4138.294849433766
14490.054057959514,2381.091399684869
11995.246003759474,4969.674160009613
13091.41701438699,5021.160824037499
10871.830148646739,4221.684756186115
15724.415372698017,5665.84714863599
12716.612228168668,3391.5892825741184
15578.0,3660.276088227197
15706.70998725795,3036.9539265445646
13635.816495188912,4059.7756750036824
14813.308619838586,5126.328353406864
13120.654952123065,4083.596980819853
12309.630116160668,3481.1992401413427
12970.247597995964,2871.5150535713638
12781.574830590169,3218.9639244346836
14294.09462539225,6303.63321370801
15578.682743031437,5531.491123365571
13361.672981009306,5228.385468556974
12855.644112439877,1884.9602085407641
13508.493874388598,3562.7613143710796
12264.871678997377,6478.354794518067
14777.175029357817,4561.070605523419
14630.810326354203,5309.85588047996
13246.11051878236,3058.6173448672785
14488.413552233083,5200.5787966412945
14740.969627871214,4475.4633803048855
15344.378186630176,4730.703568567132
14776.0681965165,3632.604707122726
13362.821879618521,4884.258767017201
15372.991132993971,4671.512627254535
14652.777475937142,3971.180708842675
15940.721733855475,5466.58478233337
15651.61398169255,3517.168028534264
12881.143977007914,4835.170409155335
13781.591850328623,3162.045257903993
13009.163154228621,4669.428506739259
13300.59248055341,3653.1597084573896
13807.448750287918,5055.6012680373315
11308.321414871001,5339.916094454284
13688.588915919698,3125.535633296982
13586.721521472766,4310.357026840446
13055.875478915621,5872.759749012096
14399.105050301947,4822.393129256651
12605.95626194534,2363.352513816871
15810.0,3822.4308397929417
14057.231886847287,3159.21005574422
14392.713515140153,5086.988904281566
15267.97445662328,1166.8767138727562
15954.0,4770.834645055189
12765.236002030982,2334.370991512931
15544.683310971954,6480.952497277785
13064.193282205455,4240.3140168708605
14250.380946896414,5257.0705460359795
10314.405946313342,4170.436149161868
14996.90704072581,3023.737719106787
13992.705891130197,4831.68465246073
15936.310228695369,4994.924545313615
13920.127901075752,3523.5921149292562
12777.885333849232,3952.3675782487735
13573.590915878902,4747.478671856521
12076.526819754583,4523.056952477376
15121.08777900145,3940.602231676607
13477.96290662062,4051.2958573295055
14541.041959646918,4853.577427108803
15755.72379502818,3456.0947347182555
15825.087511758498,5834.8001057560505
15650.357278958736,3242.689146419232
13050.439602303259,2607.332931197883
12274.308440338533,4120.267272389649
14798.044116903004,4344.799586227615
15750.0,3669.710135723864
13570.12920853923,3966.849753403856
15860.242017888568,2539.67062725754
14480.691931282166,4217.595543466218
14060.254263640667,4892.764173793591
15084.89477318834,2086.2231034585275
11161.724425748702,6735.356164329964
13190.441859576862,3402.4439454121866
14799.34424728873,3861.7822088818966
12727.22126322326,6211.503500768367
14921.198631361904,5132.392378193244
12264.043035138153,3834.8674093717636
14136.245279975114,3638.869327777831
14533.48755551309,2272.4983123774646
11828.782234538963,5118.681989115776
15700.84844027563,3026.9392821502106
15964.012229703576,3541.264423561159
15321.362103265114,4174.8302332855665
15279.490056074228,4290.839212064217
12917.299286494137,1281.8809100818262
15974.258738065162,6366.235958339817
15337.108166911734,777.3958037960797
13966.87718322417,3064.9519389765082
13218.352503841932,3699.147418118938
12959.167091322286,3598.33848331989
12586.555514703023,2817.9177940277705
12209.380274348408,3994.468871230887
13027.300157562517,4524.718469401228
14427.310693452331,4503.986120105434
12122.331977341055,3520.991904564871
15881.928529765031,1845.8082028613253
14718.645626982221,5698.052859337113
13570.930027346096,3762.545638185639
13934.27660889182,2766.9144934196415
12958.021247817302,3849.017925181911
14420.508278609655,4305.76139198634
15617.172668374302,4241.656209358093
14940.858352937075,3134.11271767853
13511.633515027712,4045.5747377708217
14583.793012304986,6174.999276318016
13778.874003061343,5581.171710749848
13787.84696935455,4124.122537304694
15191.447653560874,3594.84850426922
11771.42644256133,1365.730904108892
14123.071416149138,5664.181554032088
11331.959674994896,1792.1982724775085
15505.849592408575,4148.343106433615
14783.632373496102,4086.627735875671
15311.126736539589,3431.2445659225164
14161.281308334634,5133.882031666849
13595.041706253176,4015.8684666333265
13274.328852788514,3295.604060494138
13706.756656055144,1282.6401481200992
15911.0,5307.854000982003
13097.496294559893,3129.2714741053173
12357.784598753187,2875.9225558112103
14194.258928989788,2955.0057460246353
11105.364283847292,4949.208069028547
12039.66255342047,2546.6605125401475
9110.816517621548,4934.888402635989
12117.033507211096,5807.859377390587
13648.850432313884,3655.6787511078774
13575.880022181113,2025.189961695682
12111.728242435149,4424.238040289584
11511.253544851852,1244.2221010772723
11834.603695577,3593.2685039222524
13063.614931439695,3253.426763650946
15679.0,4957.264210959127
12311.954575861391,6364.0669642999055
13740.573326179718,2653.337488127881
13303.427589013509,5588.467982307839
14713.57024847193,4474.83273985101
14069.475456928249,5811.5057613325525
14138.942421609854,4945.780604561228
14630.823301379936,3330.0391717057837
12176.409543048576,2551.3776336385417
15704.0,3446.4888074701103
13211.390551503968,6146.241579340574
14974.596483772788,4329.187257803416
13013.623975797445,5320.516635438294
13277.568447404,1777.2380365532945
11581.675483104547,542.3097388858864
15979.0,5781.940920204082
15226.23522700888,3916.845541673037
13375.994972385117,4778.633852201584
15601.0325822121,4421.987842136406
12387.176542141475,3938.394742119854
14350.744004854654,3223.5160466201287
13015.201145489753,5328.010425640809
14303.237628924913,4828.802557603746
13005.581897956896,3606.008752717372
13979.773986534085,5098.860689249237
13004.4674485505,4990.578478030655
13475.950771142643,4347.232790377639
12674.711734828328,4323.230954370102
12898.807995065179,4537.32289000626
13674.89131601682,2635.4188304877116
15206.443640380594,3324.6544225123175
14462.350176965754,2799.6462265109217
12866.780089092286,3375.7130645039183
11727.495939871087,3483.3609899919757
15893.14802286505,6998.929628337797
12887.604215038466,1899.4809304018136
13433.068029905007,5583.139532079838
14017.898813382964,4280.7729078726325
10958.884042259888,4561.097464436703
14354.007279937317,1229.7054038936071
14191.60053077603,3860.996593194189
13058.641678927765,3505.5613128514115
12863.901819701403,1969.5943797612506
13350.978777521765,4542.037584115232
12485.637281567808,2937.305735182703
13141.312818056575,2394.6911418874633
15515.449376084998,5915.239961030151
14493.604304846533,4325.779421302914
12058.165162787009,4595.793386521185
14130.431317430688,2367.7522990788616
15782.974406658295,4845.86951152402
13678.236141713509,4388.2431221248335
12693.621609882617,4167.9081409571145
14700.399054997059,5344.095152843813
11068.402026984659,4704.180894481391
12733.806068848124,1742.2681981681276
13079.484510945671,2991.6811457576373
12735.519854517835,3834.860737621624
13034.883205687389,756.1294640729889
15184.22328150296,3030.425166201038
14315.849469387183,6780.776942686931
15837.115225726408,7137.113220008534
14099.435321795881,3139.5516166215425
12970.96120343976,4790.663782475847
11819.02998437848,3571.7344892173805
11672.785478440182,4939.712236298339
13478.64277204098,3404.916918639171
13106.96427986922,3797.790609922727
13948.860359120861,2531.2822053865407
14510.819845032309,3564.3781320220965
12616.982086415812,4266.516699684587
12929.369229687722,3404.6240893634968
15764.0,3252.162370860238
14811.470583931661,1741.905988093819
15568.80012360887,4256.137670695883
13883.621794936793,5026.776707086772
15057.57147131963,3061.2844722958835
13582.152796649758,1460.458224600678
13044.738575677624,5950.196023650339
13426.251101294778,4868.412895005837
13283.604039454707,5461.954872567068
15121.973338990652,5142.374307666864
13564.835647604983,5093.459871275572
13128.72508801347,5156.887540526267
11980.54555495753,5339.770896108837
14324.765678103284,5341.183356458125
15398.527589272371,6883.6724592688515
13552.017149836356,4615.50415317346
12632.211531172063,4543.7254200180705
15911.0,1885.818014084114
14312.532003155007,4262.030900946712
12892.378106766519,2868.4534108937232
15991.0,2988.4349875104476
15260.402403711136,3707.0601350152388
12991.823513042644,6348.5299992677665
11563.020577185536,5869.477630106721
12238.828408133515,6582.163429515404
14876.867723951933,5286.2110816373215
10355.659972271853,3015.3364452782016
13955.964078190025,2986.4782515284273
14081.985762939077,2054.5998169667773
11767.639988965453,4394.192202809158
15042.06439101977,3182.7097335608914
11147.466946359044,2137.7109183179155
13785.162723527283,3675.957604307298
14558.226713390202,2515.071972395458
12294.098229092288,5113.631732309347
13920.231373629393,3325.3912138391643
14382.605461976878,3623.6038711312017
13829.118944009675,2195.5301684033384
14793.762166999515,6301.679591084136
14168.649330331255,5101.5192050491705
14253.716710565759,2631.8309548206416
14506.615163408474,4945.353842821843
13046.65030984154,2055.576773262373
13996.358831351332,3386.5861591545663
15718.084923236842,1985.8722807033912
11366.498823998429,3286.654217128491
14858.422094920483,2149.367439722122
13699.8096019377,4723.395079620984
12875.280202171189,4502.182441753595
11941.709657048374,2512.970124155655
14890.885238315901,6850.585056062342
15051.54396123492,6175.550138777878
15949.424635180598,4963.662155222742
14587.342721560388,3568.269694827066
13928.348257313595,1936.7766102542705
13509.607080936868,4750.428273325039
15171.136394733581,2888.1890722636253
12315.138377799938,4716.562949697225
14403.890740616665,4636.194793931352
15331.217306846012,3663.0858731122
13098.014432313577,2296.224158541428
13826.45267690737,4945.554570727941
15662.0,4921.366703319572
14961.70967823845,2984.578909280407
13568.043283901037,4316.318881405441
13248.307627316002,5216.390101156712
15426.035265129143,3018.0933641764414
15402.986096869678,890.6978769533084
13829.19887838391,4441.3810183888845
12903.56609025497,3492.4579134060486
15783.561913096539,2924.9814951557455
12447.451449859407,2415.6447645942917
12455.075325936545,2794.493296115579
15340.837689864707,6312.454988168296
13024.246652987003,5186.3602085342945
14445.927017233636,4904.046946687974
12992.485939232392,4382.292696218615
13617.893571164415,2834.7306762654644
11996.408863381872,4901.985160692649
15045.98715161813,6395.616945948146
11911.01097076786,3854.6540000178506
14619.083425378047,3321.2013533248432
13781.36012708103,3106.400149905314
13655.164408108321,3065.6249100541313
5402.069717164211,5093.386643506774
1609.3634895175587,7279.77461249975
2460.0609610457527,8537.745115974714
1128.564976203183,9475.862890490062
5468.013657154665,8171.065895030453
6181.998420384631,5162.559133863847
4480.1024085163945,7979.8968738876665
1088.530328199879,5675.244426977721
6976.281195968266,7996.5086931242795
4293.721512124189,10175.85032675691
5473.752986051915,9881.533818059535
3241.6475012273763,9526.778327181335
3736.322770649015,8280.080328699984
1854.5252729749986,7853.29225644092
4629.567263580916,6621.873482995685
4442.0195981572215,8048.272251145863
2740.7020149214427,10203.605364501082
4392.484855040569,7774.77914459607
6197.637278320844,6823.498256468346
2699.9122473429074,9308.551531460274
3491.1093113659676,8953.318658063128
2822.049010788013,9761.893893932882
4048.8285974509863,8295.146851257565
4571.504523434904,8686.875266980185
4052.595945613218,8999.583116888612
4452.440985309985,5892.539209002036
1456.4656837389189,7835.5569057273615
4713.144824996662,6920.040446849071
5230.63730056808,7780.046665341864
1264.817430665164,8359.778317687375
2209.926217481624,8792.920637093452
3141.1873975338294,7732.476578885984
592.3601292897029,7604.985028220833
3085.185632832927,7867.98209855758
3892.813130018606,8932.575673712747
580.0054400306435,7543.097783341252
6321.873049215465,9170.539758768693
3922.065242884143,6265.638696713842
3755.267856493396,9310.163389071491
4757.408380827487,10272.345334319245
4935.08797002746,6435.712667469145
4374.9280746790955,8880.149217890512
5326.817474277169,7896.096897433169
3821.8419270473787,8999.32910803696
6299.918348347076,5717.988642993993
4821.884024439424,8446.478859843297
5223.890348108398,8889.697365682434
4710.446869729427,8873.385261882551
3651.9041915746598,11468.618925594672
5662.770298723123,8834.921415297753
5885.241732965944,7762.726704449435
3337.526089601574,8815.997332404348
5876.144791689698,8780.251452187396
3055.943610105572,7374.674446384101
3096.7403215334416,6207.417572661563
8230.373431992532,8189.534432794978
3224.5131165482762,6697.989552798996
1906.6109051292187,9138.351293816768
2976.1246787430337,6379.923470497858
7797.672070785253,9290.107968303613
4591.6146285166715,6675.470251495493
7183.385320250271,7671.380770223135
3414.242883806847,8619.662810221898
2683.381755327987,6145.552661673778
4917.16654351187,6553.649490500198
4219.228323549016,7858.879361437856
3866.112785879909,8331.534877148277
2667.323619674518,7882.999698960662
5276.955473227845,8225.024022059079
5611.8680081960465,6157.1673935143135
3037.0301541249905,7906.858136292706
3983.3220835254383,9584.04137672863
3787.9841294959847,5749.668829557497
4380.855328887062,8295.928634517999
4983.361294985,8096.618924855908
3658.684772519211,6711.604384564367
3162.449113239461,7961.838329205379
2903.6728762679936,5951.951639061449
2588.7514732486725,7692.485950332363
3923.969011302569,9993.225673496341
4277.291916103911,8675.266240332876
4584.779887232721,10024.619741764842
5811.4264701775855,9938.621585514036
4096.906897877665,6516.873769507361
3754.1640163872594,10871.053899027407
3905.249830409448,7252.482113922364
5269.766401764093,7798.899428472126
5122.03738186687,9216.100827007713
3993.807310139927,8281.219966345516
2169.7558462764937,9094.289803266953
1479.4259216535806,8843.989929499667
6318.141228240792,8338.104281673926
4215.87900339447,9968.079629626964
3433.471439779742,8161.778004114214
3217.391025462444,8128.195561849651
3510.1559492231786,7840.995843563482
3240.460541584041,7861.916192566513
4381.250686551416,8271.63717953547
3784.3628676956714,8005.17328184315
5676.13680124646,9449.371186354989
3217.9680214051737,7579.118247027462
4071.153737381949,8509.994957898378
4154.669176064471,9772.244227569437
3320.0957280362227,9227.742538773842
3562.424870534997,9392.515915289294
4398.285900106668,8218.562161421381
4424.118499895355,6158.745565646945
3418.920924011344,7965.325019281683
4478.343295242117,9389.370034861053
4597.258213053421,9150.219545191194
2372.084607143005,10890.911955656793
4472.180618435931,8591.231622711517
3465.9604203934828,7202.217255813661
11372.159900814044,15001.491097135993
12984.70961403733,15444.057597993768
13884.325630049765,14758.651879006711
11247.773341394926,10967.346416439963
11219.949987349213,13645.907813076486
11997.738158168244,14471.428312844571
11332.539830388869,12076.461015627803
10007.977346604835,15777.0
11345.730021584219,15098.262114931518
12212.42219869353,14741.219134214089
10123.441399068108,15607.199522081999
11701.673737896564,13216.476280272045
13275.473137423916,13219.496229783328
9703.513110898006,14852.072145603537
11202.157511791114,13846.637448619367
9194.924834651187,14150.859655341868
12428.308885634284,15679.96328191992
11158.437301650982,14787.151516495243
11339.486984251535,13097.087954747325
11189.242884786123,15753.0
13076.221601985328,12998.40744252126
14123.794721332477,15724.0
12325.252100486005,15539.0
11410.632020712683,15631.0
11652.707355661978,12121.920224972288
11341.869548052617,14195.82821644969
8402.857962187616,15616.0
10226.70964577275,13515.781709072176
13649.32714065554,14169.954296582926
11880.965703918733,12478.328455988047
12640.598617821235,14815.054617771568
11103.599807867746,13618.640865614618
10906.897687997262,13821.110051296408
11606.292719147454,14122.36657006887
12169.571545956698,11174.068887797548
12444.489654686851,15964.440842136319
10496.200329070325,10995.125704500402
11796.768020700958,13672.491265891864
12418.83516868351,15096.154339693076
12094.304442385406,13610.239953581517
14967.653152271245,15385.89611282275
12504.102158032129,14765.0011459372
11516.875768491764,14710.229541909404
11828.494673768653,13345.208192046044
12308.187128391997,13642.970083035101
11631.418448718836,14469.910763676144
11398.586952831447,15140.442360618685
7927.533837803434,14207.167629826828
14219.706755271427,14234.307875885028
13088.993673121304,12841.746103823234
11881.595958559144,12551.044610845212
12430.460951944982,13728.572668326744
12730.796713911583,15676.0
13621.955231363925,14743.6316794773
10533.101456047518,15557.0
11264.170703150321,11624.305965491065
9625.687105908035,15077.430896412789
11113.094697525603,12321.409153620187
11174.081088628178,14019.942730719735
9636.485726336421,12306.836270075719
12716.176436780659,15403.197897098536
9624.116184392706,13542.650412664725
12568.051966654368,14641.450313790618
13897.073841038033,14267.454652380437
12822.537224668567,14759.577364376277
11161.445574698284,13310.73426708459
10174.420616420288,11821.874328124723
14129.462394883381,12208.301742565829
12117.855568287114,13972.082181446614
12035.52652926876,15022.436002391678
12906.945527559783,14405.413462977787
10415.022333973537,13012.486776249685
14007.375395930518,15036.44938378172
10720.541002978709,11385.861078646934
9857.548627656703,14743.56066298311
12305.005437638927,13539.114675563558
12225.413131671676,12476.853074147264
14814.92162254044,14313.827702118915
13229.509485726632,13784.200675375578
13095.810611443037,15073.547497558593
11457.538538066365,14006.685770808677
12437.171932298546,13684.526513262872
11739.30319549972,12926.490017452863
13493.291150636851,14362.582881287155
11205.045983065815,15603.0
14856.840305665133,13231.68687720995
12550.443203988978,15267.882092985998
10928.88954247905,14203.911233641007
13388.919925139991,15603.0
11934.6702471916,15883.0
12048.769377223427,14371.106406763374
11928.672904043025,15011.681914094497
11620.604075301299,14041.070762539292
11480.221360254434,14142.773104722077
11503.231734641786,13699.513880910647
11493.734334344017,12772.563357133975
12283.348282281317,13699.227392197121
11023.348333974449,14534.030564890809
12276.773674694186,15024.703129048754
13257.273892534167,15775.113510768892
12652.46672606317,15705.0
10834.701208938894,12830.136012117082
11306.62588058356,13617.419896932652
10343.168460602275,13442.762337138878
13193.667013955874,13841.600043874318
9368.75118068458,15722.0
12020.485779021401,13865.937497862787
12300.062365311538,12769.412410675635
11409.62532396221,15805.63602686724
12665.272119547106,12435.076690076276
12468.392425112845,14188.228137607146
14176.020538452192,12886.084273664765
14105.839052511275,13912.734960618056
12670.02048126872,15246.565739611358
11849.244841090254,14829.514526408284
11756.07284837219,14758.705584008265
11599.26490327432,13402.633743765877
10588.73991542782,12996.010328495848
11648.759735144326,13513.102288430291
10955.710435138742,15787.031113036051
11922.074412367278,13864.836378056027
12217.335280396868,14679.162230118913
11995.889367877948,14961.53491428833
13294.90294717364,15516.767981683053
12912.213723285291,12828.87820328926
11326.590316741085,15096.091783694414
12740.645214076412,14444.751484572116
12513.075415464022,12653.446797293018
11028.952153704922,14314.308982673967
10985.998966590738,14301.744771490947
12903.046560353592,14284.338303655508
11873.944629206853,12036.505054632245
14551.689415048597,14180.473714354635
12807.042760507678,13580.355982995796
12441.52191816283,13436.045659361427
11714.78054954636,12120.289661460989
9947.969612961264,13380.26402748884
13799.936785602227,15711.0
12168.672159493151,15131.410815117872
11142.317960333961,14609.674188038727
13422.831454698422,12787.364433762963
9045.24747494188,12739.579774333417
11532.875815955627,12076.26173659124
12860.916421517411,15981.0
12826.699168094763,13022.072452568436
14499.237806650262,15522.364224646808
10628.382936648222,14226.1587632632
11936.073443295905,13329.59867876498
11127.972503260824,13852.283025599152
13221.554169866826,11561.741072149885
9648.172943193846,12526.877779898768
11924.777886959242,15833.276358776355
10832.276233216151,14193.968702307004
13684.24918523442,12517.73064936025
12833.025199541524,14657.547401277576
11647.098007197264,14513.729480816473
11592.297049488898,12766.258561676079
11874.633700597486,14089.729567193855
12565.318028162143,14479.560184846838
10868.925903526826,14826.55674671143
11170.865460968023,15190.771157136773
8464.619588427806,10947.142320977258
13701.884030693684,12034.123043910082
12620.325006776244,15475.38169330836
13517.194672922604,15990.0
11677.96703753394,12446.87016105408
10891.579947810242,13196.612325104757
11145.018622422454,14787.589749313669
13204.857704608728,13267.591414491464
12297.687183821923,12090.844529507365
12279.470785083638,14626.683519468088
11040.451660781764,10810.3507877207
12501.062678394856,15126.14451910428
11298.329157102164,15739.0
9621.650049509095,12297.083038009441
13811.014060679156,14412.95875826279
11914.189708797707,15059.018311192956
11026.052416956212,13342.295179381175
10257.231566466995,15011.32304607049
11018.556479093679,12936.138747634785
10916.536009429634,14992.900972023337
9059.60141013454,13258.770820555554
12208.771929991879,12496.314676821552
12776.078893652786,14027.896465646416
14339.55254870374,14548.391961785888
10603.139285760648,12550.59995295011
10560.70188191357,13941.715826105872
12703.652710921964,14312.725593866508
12740.182939405593,12367.366106682395
13620.398061672027,13560.198515964457
10656.31813396477,13543.197434868578
13718.475296905803,12356.670886628915
11463.297114280871,14519.617649169393
10165.742444359366,12925.643623707423
10985.74987946659,13870.975514910151
11997.415853629353,15783.0
13691.693776161988,13861.56986266854
11840.708044250752,12502.646131552858
13092.28570817743,13686.00711783882
13977.650142297596,12335.238989591564
12260.508803600049,14211.898466631244
10666.238294395609,14952.326501627482
10634.801508617968,12446.68713370666
13193.226400998117,15318.072717544817
11966.564982276916,13577.172793393962
11331.031655285833,15162.823330488194
13316.165067942422,12469.883613534143
10352.50237154602,14028.550374589437
11301.371448476732,14486.04169798554
13128.580985512815,14870.02069032923
13439.371245721259,14021.646692226388
11015.070678094962,15028.317788062077
12558.996037842826,15124.907699023199
13797.624955130406,15263.11439018046
9676.931239806205,13736.923267700859
14174.827681614152,14383.888948771226
11832.851997307966,11441.558185205142
10130.035650544618,13125.518210275533
15286.373030026056,15406.327706616008
15884.19067785218,13717.997247697338
10284.29364850181,13619.537579026011
13517.811925631797,15769.0
12623.473662484786,15043.597222256254
11956.797726128276,12488.44986433095
12210.674997747545,13363.988242875535
12183.494446518547,13887.782119298412
9158.74121140502,11167.308629564359
12951.474469898178,12847.348973265465
13440.610860543491,15098.280043035691
11883.557528669144,13969.80500177378
9710.019803656432,14201.17324181813
13119.481930972932,13781.264022967594
12010.300257085582,14588.913950975528
12424.271457953635,15598.0
14269.906835465206,14212.978539425432
12624.893116005494,14026.700932438916
10689.244910614874,15303.55586821227
13058.401591229944,13445.65465174508
11880.40318488071,14751.304899716248
12286.684489295963,15981.0
14407.366728541088,14917.472104384859
12828.946178522867,15724.0
10178.594294849232,13681.800125773432
12524.233144706877,13632.664935536299
13930.210870491897,15174.507482816149
11137.293437762246,14407.384774164102
9233.497880137878,14232.98754284659
10422.624218032604,15151.558749332013
11633.238075601801,14084.773231634792
11387.063687536349,13966.637288173179
13370.531257115726,15204.862920412048
11709.278218024005,15050.005429345707
11913.86570595847,12851.144882038503
11062.692248315898,13131.126693765325
11029.491059526812,15032.984753557981
11877.734568704156,12121.85328469652
12836.670230266285,14929.652950917047
12374.180539309398,12773.759995167233
10686.25299639612,13918.225965943273
10924.17804939028,13953.149669179951
12979.991882256089,11575.770618234266
13029.145122658732,14746.15830520121
