2476.4773160636905,11832.369539374982
392.7295175953791,11534.159203045048
1430.1241042359138,12846.854482962362
3111.1739712581766,13368.256673381338
4656.544036315032,12189.209448284413
5065.243183818573,13213.76865770492
5891.50663425343,13726.926235471434
6589.3084873152,12939.280071036657
2570.4664770686177,10442.565900219737
4712.355712008301,11931.023618468103
3511.829572249765,11748.962509942829
5382.115625884977,12333.491815830055
2191.4965016462647,15847.60327691901
4129.561054544546,10112.224194909375
4922.4836668819635,11484.601460497684
3007.2472213553037,12065.283624669211
1143.8409994103708,12565.756304742776
2875.0714118829674,9719.6877188234
2641.777914345057,11591.292521959318
4536.088628031003,14429.951365833631
2943.147077476744,13419.573143129837
3220.3863621458977,10482.398298496904
2535.857169917199,11228.204375670382
3258.571592586622,11499.964049730608
2009.07616848447,13204.645113588052
4622.510379062345,11963.20883879704
2637.1667844929334,12907.536217473133
4441.085478570784,12164.54046987761
5040.572980714259,9129.74337048997
1128.917422629279,9885.785530488367
3313.5099065167783,12109.937954907582
4378.003660787486,9967.263777448461
2500.7853242802285,13025.845032200414
4876.300031046185,10998.70954731665
3206.8289773784354,12926.226729607584
7572.082321254471,11218.644195210863
3963.9885975035186,11110.97860938985
3028.153619608295,9009.142382592692
5538.458641686056,11335.228513910766
4209.689145292692,13770.044193965687
2657.6272205201412,12763.283531037257
1408.503976751277,12974.776055896242
2824.964049633337,11798.237901950282
3243.699103693597,12972.263418123759
3852.135793668979,12107.322754508163
1705.0658408384093,11268.551571709846
4317.011902416316,10974.428752028905
3633.383584741252,12874.700482989447
2242.3658396726664,13017.719920310436
4687.8494585952685,12706.38013064637
2670.700411388992,12409.534261079576
3245.8916784628786,12160.518967252927
2840.361213357244,10741.24050827079
3244.20001983304,12953.347105677673
1496.2114086318384,11329.745845463774
5624.308246016158,13096.319031537623
5997.505026160713,14956.206917674397
4088.077663448943,10624.194212065175
1587.898948055499,11868.522229670338
1349.6202848176904,11005.963017904505
2148.1352584111755,11418.823487889362
2222.5136413323853,12063.819146320646
5886.831066124099,13565.406432673495
1856.3296503743088,11314.212318039568
5099.35100735854,9522.210092284924
5076.703446922314,10345.328165892344
5165.466127551198,12936.981874296122
5060.487565960841,11956.359432741905
372.478252974759,11655.683250456528
4746.07850670799,11890.670325199924
5165.984185019556,12291.219807458594
3026.2627157825864,12695.64103606313
4517.061317854664,13890.65564387624
5706.883871581089,13956.044028329132
4498.210437956926,11949.77045779113
1883.2968665813985,12634.475025637392
2105.952293193443,11969.579106904113
1009.4207771268361,11801.439134632225
4718.401745689546,11417.221916076294
4014.4567944105265,13631.980128076522
65.81805814986274,12247.487895290604
2170.0867526223933,13439.602976897062
6930.278447666543,11105.37969561449
638.7659936791797,8530.916394834054
2332.8181057770817,10516.79620298716
3470.6106461883614,13324.032192614251
2895.048524642227,12586.863732403202
4191.091065637074,11820.331942504676
1087.5310658168937,10702.52350566892
3632.097030881124,12544.390928041443
2523.916795171846,15396.547203131175
4129.772751440052,14092.304735765292
1888.8327481055137,13072.655984551793
2306.9132035380735,11168.857261509405
2570.2540628661645,11544.82457686543
5205.511452606717,10087.5921720638
3619.2272383611908,13343.656018507558
2945.7819850236046,9089.152878122542
5290.529633620043,9474.221962937587
3876.1473533829503,10449.773797800588
4713.60326928087,12754.190970912206
4169.695153430067,12459.701117037797
2103.7001315899497,14292.543946471966
4355.929771804387,14189.631205022588
3200.958359674751,12545.618791609046
4758.741140069516,10854.072267582498
2895.761484894147,10937.281960566728
1404.0603459777437,13088.503747872266
4949.164848860322,12409.565870318143
4931.770807423059,11298.735821865663
2138.1503224000317,9245.473261701096
2917.8577305426625,12327.430372999064
2570.270913873115,13979.912579595817
2796.667357247358,13548.621544479798
1764.5863891194426,11660.499237798238
2958.432066307596,10837.394806304203
3746.568244731701,10788.285188985568
2176.9408390589842,12568.15894348997
600.096350008419,13638.534764051812
2144.0505133741235,10375.125474577382
3982.577146809789,12981.707850066021
2124.1288967873024,12676.294759103082
4724.457727660407,12488.72445252066
3591.5784827597636,10530.211801811449
3685.3397897883183,10891.224162233391
3479.3359419449594,12558.195817356851
5249.8953653126555,10790.496084021239
2271.9224747827675,11261.998226828508
1789.5036287557862,13472.337358597257
3997.437827060689,11577.14044245352
3655.108573322862,10405.352048798191
2916.6297111576437,12440.217999845001
5743.835568519878,11327.8911156992
4612.85519968519,11108.99918902365
2709.907321179403,11061.067727168602
8554.195170470859,10124.189582231918
7008.2173733171585,9886.443236840736
6208.049791917373,7775.615178598797
9504.155038278535,6417.229739620224
7160.5631862220225,7062.1569952650525
9443.883002598128,6782.576604182561
8338.610651641644,7773.951271891282
9183.119045402469,7633.853988941512
7231.020766043392,8465.545303869843
7759.712556119872,6215.119840829916
10005.123473929329,9012.059899571344
9803.090001602655,5968.828407374595
6736.285565768216,9535.720618516696
5172.601343864957,9715.456880921813
7699.697173230987,8710.54889027381
7392.502265137098,5716.083049854115
8543.047019664804,7393.9723780569
9008.74776458603,8583.051888804464
6714.126868639039,8233.024642687371
9215.411114174773,7344.436429889239
6681.615602617841,8431.541489239691
7403.618151296821,10015.674832978902
8306.491247357344,9606.648201036725
8180.689419074319,8853.262025998876
8579.771390513466,8171.241476453346
6690.481586834676,5542.777252467974
8119.765060952228,8063.675292777186
10558.753202610624,5830.378503684086
7449.393215939976,10558.824215264696
9167.052031422096,8348.856120665627
6113.777636123928,6416.948910136589
7358.3325413848015,8307.716769068466
7120.136908837672,8054.229163857387
7443.1319738879065,6798.3006424978685
7170.718641264173,10388.604287933596
7425.803609189245,7424.920242380617
6099.839174928578,5760.126186018701
8764.434699981184,5378.536350637258
7073.163967838396,7137.240125305007
7686.832984434821,7171.04192338993
10162.283892838534,9151.165464974963
9201.977949556116,8366.060797751465
6580.335708041448,7235.727353770878
11451.906993037339,8833.887050441686
8958.215288668143,7486.482697220791
8635.09710950672,9987.744655230494
7747.970207422557,9196.779971662596
5691.881069702478,5682.544640379852
5101.017694207681,5779.407714591029
8204.74234682046,5224.9226214626
9696.9695141417,7929.4559688713225
8325.86427959169,7672.6544533125225
8756.463327060084,6372.525262016466
8948.638719807757,8512.976032496448
9032.436382533246,9707.639896785575
6256.14073583515,8223.18199590592
8106.798225551569,9686.161057396283
7709.702464140861,7707.580579985146
7139.745883831603,9569.934424830779
7543.740331710701,9028.030154126405
5678.604641858916,7360.582776013058
6272.369906053792,8774.0308518342
9143.220316924266,9825.509279472817
13650.177821546076,6946.957702004485
5236.636763529774,7352.236507584751
8557.44920128833,9434.793680245019
6853.1866353941,5525.903101117672
9705.767365983675,6973.3164738020605
7167.420777363685,9896.441085641653
9300.86192081412,6863.570376203482
7886.273191282773,5848.236270878302
8877.176953583456,7183.118830180878
10049.660845248989,7429.705139900738
6729.392291708504,9242.855992488916
8024.624772996206,6806.164404295827
9302.327797560776,8764.155291742856
5968.4232150555945,7259.265779118825
10323.522122775523,9638.595547450612
8570.402014866348,7938.836383512481
6850.26483927795,6619.584933172992
10265.319557702229,5959.39894344558
7112.544749722796,8788.244777323542
8392.045387327802,10334.382791182239
8401.270207082307,6178.289984892213
8075.017132738651,6627.954145006039
10414.671663700268,9375.564211572899
8021.314279197426,6515.445774521928
6346.916679937347,8420.780155471224
7712.635882814065,6666.338731263523
6482.735255918501,10770.993091494689
5213.399370218733,10254.416481653949
7347.830725031083,8654.75146862746
6237.723651867755,6889.536979216
4208.814658701791,8971.514840916318
7953.256056902838,9759.237436861946
6759.15752781824,7339.561100535852
7845.103324562715,9698.026545404717
9002.011825599535,6002.526403930442
5808.712905535414,8221.030312574785
9616.691681148226,6678.909848258494
8516.558179035605,9836.708976605722
6125.296726187715,8087.722608268741
9065.838084629084,6438.382582354385
7516.956612719814,7369.256653103907
9463.061994422127,7271.244517702959
9378.57287867164,8147.834679108192
8892.191009112703,8345.43343690197
6292.50470711987,8922.495376145022
11495.373540805873,9731.7398144355
6068.4702227120815,8685.701491764787
9353.564159554644,10166.816587470592
8028.60784606695,9264.250399458764
7913.530125453737,6922.735798107169
8427.292837000727,8694.066519343145
10702.221732972803,7142.844746846596
7894.411871055154,7610.569236754909
8274.688077850002,7269.893833421285
7087.960894098448,7308.268181661511
7522.834142590314,5271.156143455585
8633.818154146129,8943.815873193522
8314.513233770766,6450.585703674069
9145.800606850442,10246.906074108512
7087.415463314439,10306.876291047352
7697.023800766451,9175.348046282306
7704.854718834001,8107.031729033086
8968.627774371493,8351.33392351074
8093.7184884643975,8751.110546793137
9926.936971395971,8464.680637865538
9662.081975120898,7442.212743102314
10233.105183664265,9710.454400949253
8518.63803078379,7088.9626758385275
8270.986401286917,8610.368972622153
8116.4956464972465,9217.432216651285
14734.58901378965,12480.207996839048
12341.4445263048,11800.888121243981
14130.524955065333,11274.051274654921
12782.57535130803,11182.009119993492
13768.575935374249,13900.733087630239
12974.209256532398,13555.213121831806
13066.00817667322,11500.029179051317
15063.275257012117,12278.72435011386
12021.723372899352,14479.752362445577
13095.827295160678,10994.141772212317
12074.550322343966,12558.968311524264
12063.453450852305,13251.464698497106
13360.142144298781,11824.287983869832
14543.496446125413,11626.14031749692
12899.340608360382,10364.10921516034
13308.151920215356,12282.692073702616
14616.055650500375,11105.960135704156
14786.308536350696,12417.163035205898
12606.335521683315,13364.703713423003
10962.683037642091,12057.781050409072
13079.355006431208,11511.153486078827
12861.58016504566,13944.893148468716
12440.044516454835,10809.270638495056
12220.980708300152,12617.864704944166
15548.857069978705,12373.49095177161
12476.931274734567,11897.280009614347
11524.175806205716,12478.251400172901
12625.393992416764,12264.150778415973
12529.291887162088,12164.124194202495
10809.969237208416,11575.701300368784
13369.96540467019,10530.677550425738
13714.32972668001,10942.156720391931
9727.926192981971,13446.06151953734
11013.579429154737,15796.589199797052
12056.74492374334,11281.757304493434
12923.322262412625,10406.839482310945
10918.588005413803,9427.134353723679
12528.121024628454,10255.44115269025
13114.909212193239,11108.797759794561
14561.400631703507,15398.296543350427
13541.962663879105,11664.82862354604
14244.615104501054,13305.06678936314
15220.769164998736,10239.618594572266
13261.263316064382,12608.969155131846
10053.813071992226,13426.050984468813
12362.962600134697,10017.715378820318
14094.706224327645,12364.996258659869
12549.784863918274,10668.384755439576
11823.585483893705,11218.61120732521
12638.827049825652,11521.295152388147
13062.397886131028,11296.921475581083
11767.193169158794,11718.755865336812
12517.370298310429,11063.895673325153
12351.31872038285,13515.09148598914
14896.011110090869,10532.310021493282
14654.335540815222,13402.262774253362
13419.838425241309,11778.019756233754
11656.07543276897,12795.351099027986
11232.694451559937,12055.702023007012
13274.500876713648,13195.621300212979
14764.054156541726,11308.229380003422
11967.593674696169,11375.089790837674
11235.19476148664,11827.013624293664
10026.286172820332,11033.05337068072
14242.882742658938,11596.149346283299
13377.246009878065,12974.20254208375
11667.939244130677,13062.651807703158
13028.277397659009,12092.468198158225
13003.965377607277,11093.732341658599
14939.905347910408,11568.986532363971
11336.108150703667,11632.053529499572
15128.294170787714,12889.197322632832
11436.81695715616,14907.41822475581
13706.311405426204,11950.873012399306
10254.237404696421,10281.798622214872
13167.650083784076,12816.331492373989
12837.826101201234,11477.25124068737
15808.0,11492.03425077331
12327.863771183414,14974.99296557429
11210.991044740966,11814.243901415291
13421.356676960448,11728.150409934395
15757.995995596422,12471.443593272428
12591.980012837397,12162.56814877836
14467.503101419687,12168.83371734841
13917.92345705298,11405.304277164609
14611.79144729228,14136.895713321075
14087.098455604762,10389.902806172144
13431.114078097267,9110.89484153006
13606.592085889473,11498.618433894631
13184.630000271616,11592.452338854066
12507.000564806773,12771.343666097748
15382.076879446655,9700.561522826496
14489.95323591952,11501.612224534047
11831.332865724553,12527.708230790215
13485.206468882916,11022.676723910135
13921.7728640418,13808.297940534772
13097.388317563877,10620.378205486108
11497.35555724722,8361.083669461552
12247.219504419512,12108.026440171678
13281.980218884763,13865.405470751242
15633.178660110247,12603.049517004998
14130.1052546671,11254.981802698141
12909.727646068646,12562.5500484951
15686.0,11806.91954318844
10575.208156685861,14418.161981256817
13252.736056388492,12101.639292478752
12253.523860058518,9199.503717581205
14267.625304614565,11226.872147750033
14673.804790704524,14849.254612707293
12968.42392135437,9866.929360800194
14416.052282396828,10448.105509218867
13036.539471730528,12490.631612658559
14557.65701653088,13314.43631163069
13210.941947569512,15235.431396337357
14037.200852265696,13372.230846373091
13475.828605512843,13338.770676041859
13582.999263753269,13425.089451320626
13571.553000830101,10922.524114646167
11302.701354344777,12679.314625952664
12481.80993439347,8918.794254817276
15788.780368151816,12871.773717519973
11548.34966754738,11589.597386454912
10966.706220799313,11921.264361712365
15012.69601994527,9148.533610168754
15427.67605705532,12547.416227208936
11643.18142543958,11382.893327294823
13146.325147448664,11325.877349655566
14367.347258027678,10524.6345104977
12693.406623734216,12411.209332084307
13410.220885398669,10316.9611532347
13155.767891600297,12347.574433828277
12233.547371593264,9854.730463880072
12804.216432119774,11740.49446408908
11775.671363141633,9049.127529232836
13848.945974768683,12797.356429640697
10899.81003324285,13743.066499364977
10255.571502318377,12208.417154899704
13238.324385118925,10659.62947909522
13067.700826815102,12042.044494796646
15697.0,13361.056649437209
10606.838926964818,13085.428591845324
11881.422544306837,10811.706834020288
12913.733732966113,12642.251858267164
12903.034686328383,10547.73290519409
10595.469570303872,14173.592691888427
13399.295217420558,10837.790220956846
10908.63387923199,8442.987953429973
12068.416078016231,13731.812385326399
14084.7669723262,12809.126483459222
12586.102382966983,13689.125038393813
12742.287483547338,12026.299399862868
12020.823406766836,12537.164550256977
12891.353038203464,9612.647093883377
14716.612927016224,11960.919992895298
11022.60653041603,11798.72999439855
12849.444396666639,12283.825142777336
13327.07323792959,11833.436164895289
15189.80289992425,12760.851765027275
13731.97745180285,10995.62173677476
13051.920754916988,9238.713407864683
11623.348270362581,12491.726459301206
11446.677464647213,12765.9151646208
9990.661264356282,11874.288146425168
13135.149445833329,13168.476383838715
12241.395578805501,11251.143259322715
11851.286262858719,10703.458760919259
10020.842984289326,10146.36869059725
11269.669614244041,9265.622474783246
14583.458851237494,11713.065003524162
15094.711094508508,13993.516363111215
11663.881043911966,9112.302862105444
13893.727857397416,11638.730839278101
12394.754029944284,11958.385371527738
13630.374349121457,11788.366699078095
11584.698482952026,13317.734948487738
13089.70593350937,12178.233907752558
14383.093737887502,13511.766107615704
13413.014590252787,12021.063656789796
12921.465431982588,12792.181595037444
10425.91621419472,12041.414212966882
12539.363430590083,11046.830398990216
13260.955584035255,9931.258396543048
13509.530466740935,12555.097682428031
13742.042813395625,11932.520129466215
10297.41349839889,12490.846931620898
12022.276509956751,11071.975519820837
13341.73943411317,13577.61748389219
13918.629977875004,13298.505700471434
11796.84406929529,11776.071797205128
11511.234977725664,11033.465860520746
14268.433732195357,12732.01170924439
15234.496089414071,11831.692875044455
11903.764195071368,10637.85468745497
13220.94833251442,12618.086451861376
12887.464237110165,13038.28314595003
13481.09325246492,12875.216781312676
15607.0,10697.55826637813
13094.73234739517,12410.444195649652
14954.686563470972,10121.40606445725
11400.161776086135,10124.346310274415
14983.835145700661,12761.808519762155
10635.443294426083,11941.036213490372
12931.083649260929,9749.319201814833
13815.962109662543,12966.313875236363
13972.290381799046,10366.093009972847
12690.133595324485,12229.398877467775
13868.368207100415,11279.057767246331
12503.756302828007,11621.949384115227
13540.813041407477,13893.681946349247
11884.349376872047,12581.108283852001
12520.792125372414,9756.563649840653
13393.194964770639,10522.882699799573
12359.015585239458,13447.69736231571
13464.668480699398,13035.05291760173
15772.519047627098,11153.469545202423
13650.599327671409,10609.495264989517
12283.42849460773,9949.471557969342
12491.613053586007,12074.57450951381
13581.440997352342,11779.123858695211
12879.855254934637,10303.123888081176
11498.837268846026,12673.988635517231
15624.118329248648,11404.101004998225
10722.751456430302,11655.1691503375
12666.657278013297,9870.278317361852
14152.71555216882,13936.26538150854
15290.952776027392,14318.040191938751
11867.173134233446,10737.521288374617
12102.143182747046,12002.91923118363
12791.110137069285,11993.65472514154
15915.305550694646,15593.945724854106
9844.718019195305,11360.235853828744
14881.522179167689,15175.663439233911
15256.70298821398,10927.553946413795
15800.053057427458,11154.392210379949
15210.849980423107,8958.13868722717
15455.516396744657,14693.980364302037
12338.592902427505,11454.943358487097
11265.84844257341,13631.096229602868
12389.839388044576,12246.304376288255
14358.406468330872,10361.35511324105
13153.543210190275,12146.491569149115
14193.849305028743,10346.854909911923
13509.631992125234,12688.871248442656
10877.380024205011,11551.08226089795
10642.14684320105,9979.945055639042
10934.8588585115,14006.703497420098
13503.481265393368,13289.518019061168
13881.18089559927,11944.8805183309
14201.073791063938,11260.818180166318
12091.114280293423,10006.109331037049
12920.905664617103,11061.938077529187
12574.383454872983,11699.665697281102
13638.23788293163,10946.645435374869
13728.90672752772,11469.26448127674
14438.948104541763,12867.388066471724
15687.170090026011,15028.240885926461
15971.0,11851.822013205738
15599.0,12872.505571902333
11850.757604070344,11484.309381352978
15527.51654086305,12526.912315017216
13147.361325527925,12506.397327216322
13002.479529065628,12205.403151121167
13073.132364208705,9210.459336931244
10883.483223704357,9362.427901035375
13407.75812480583,13952.6719051584
15579.495429399554,11548.123740016546
13558.574579454798,10019.633017359
11830.333924697032,13368.341168975443
12155.212062073517,12202.301174779675
13917.467825257303,11377.448263308454
11997.381356591393,12323.612996344857
11129.004033525065,10647.846224511597
13995.542408984058,12244.399369243281
12640.301168447895,13244.488212305463
11069.523977719866,11895.488165818351
12804.268935079714,13110.13413615683
12916.61844629439,13248.019865246348
14083.040002128568,14655.601604911384
15353.843754925936,11480.126742647652
14368.225740176007,12776.895310065729
13752.133874651045,12795.617680560754
12588.006465198638,12601.873700921438
13210.567821352613,14909.006924429706
13343.825679106418,9808.477423250668
12773.96799943814,9493.936191961218
11828.999237399757,11715.803694500453
11486.81554247716,9900.15054039043
11599.16054149426,11575.392145730273
14489.82505017727,12587.698880101336
13325.372684922206,10148.231427054952
14166.090897272137,10569.104749773198
11427.116417082947,11860.324881160475
13971.328409908889,10543.386263464756
13604.701115023572,13207.548130060106
13720.23670155598,10837.538679608726
12247.1180818622,11627.507324071401
13972.639599034144,11490.273040263997
13830.537750657704,13479.193164767967
12713.50844938395,11334.384481011588
12394.824947338195,8899.62125231443
12557.932620820955,12186.695734456891
13120.375736995691,12386.665710866233
13089.34840900417,10958.831746978696
12614.533489488873,11697.291098623555
11286.52377351149,11611.892780770879
13001.40497287809,12906.25236992037
15109.297619668478,12254.002730376025
11706.370409220208,11012.092198579297
12819.347894855806,13963.918217920454
12879.041311212299,12461.023113762896
12197.840285841507,10361.513445654522
9371.194162652195,11750.721777846375
14777.35758207279,12171.880310081699
10130.657960957753,10334.385873484414
12241.565679062865,13132.674759293071
13319.779122985112,11270.736950764136
12266.477060133686,12901.238803667935
13601.800057424001,13299.275363467576
11162.280825296324,12980.989141743925
13632.059376845737,9964.844368939886
13440.607406448888,11870.034533634454
11367.341916853215,7881.821434885126
15656.13073845747,11307.55460853097
13950.009053163938,9518.187308329881
14592.231807785993,12219.882644201092
12509.31915172753,11938.088464771414
10605.227254879064,13752.656294696266
13175.662971122478,12238.249887703669
12823.298637000178,11008.26252002703
13801.13135161961,14244.53566276639
10085.804317043789,10688.965403606577
14090.252081236375,9683.419205706394
