11798.3839833334,3825.03084880553
15650.960978334848,3171.195077304177
15039.767287476592,4901.583503598214
12687.715089840447,5696.39224008431
13613.027011059938,5606.197704669117
14560.962090180301,4488.072807516652
15137.423966819071,2830.985829402719
14530.44554517712,3898.402692428804
15672.820442706801,4042.971370692592
13333.89209584062,2945.708133203937
15370.921658016607,4510.169469921052
13712.552214580513,4933.017628786169
14457.627629642833,5395.672476026967
14093.519140854625,1542.5856360970815
14225.679750192787,4029.298779462963
15625.399915100861,4304.237869459747
15630.0,4242.882988007836
14568.527553594868,4102.7991860124785
15706.0,4049.049738927979
14763.014560501762,4081.066835810543
15739.0,3641.7383132255486
12304.092184400211,4226.614440544128
13328.98608425391,5577.052400700994
15893.0,5439.979545864116
15770.389532270241,5810.804328548855
15166.704085532561,7365.11965323772
15009.987871677355,5527.322986499672
13438.66340779233,6219.740192348439
14302.199022704124,6221.89134599017
14537.270062442833,2332.385497820627
13229.510177749049,3980.2965648411523
14529.91516294151,2862.8421441445375
14535.577585811296,4755.005752346109
14913.543123826434,2357.9359131855917
15586.768880014239,3629.9156201254946
14601.570048157733,2187.9229603309623
14585.591435077724,3252.1478044589103
14732.243662885141,5803.08350215923
15208.749826593934,5436.752821096721
15089.967556483161,4059.054312813722
13426.666895983828,3423.6239228138747
14539.341003824073,5343.0850697780625
13152.219068861259,3410.5732540524987
15774.463599689547,4846.574658478607
15684.768525357298,8917.45787894152
15247.70129062827,5191.625319445117
14690.15584517149,4655.02402363232
11835.58023682656,5616.075209492776
13127.391115131799,2418.239712953446
13586.338088417655,4008.7678355085504
12390.942420336412,5094.883570039747
13827.089022530969,2176.2129033533665
15256.572521711629,2809.7401902814245
15696.0,3658.055137576021
13854.598077469034,3132.9471353527665
15994.0,3903.8221976096593
14954.371284252646,4911.130278378267
14637.343725564548,1685.781912628373
13014.637962045099,3732.7276586194157
14253.880793285538,351.9079706146076
12350.680105413807,4300.54095005696
15636.0,4521.225839033598
15838.0,3000.805427235944
14289.04104926289,5208.451864826726
15935.57943634965,2074.6599460062307
13800.257467805874,2626.3690276565485
13265.037309964742,2464.0675511178406
15983.0,2715.2108682626117
15736.137175953769,4180.779570455708
13175.829394885446,3035.2455751760176
14902.508476832505,5218.835115648653
12661.147358553151,4716.3712221488195
13510.801467373953,4801.7117801570985
15980.0,3919.188639245424
13188.55706411,4095.0348104247705
13997.695738235185,3937.430028896351
13846.620599934726,2481.6345418761903
13284.155229103088,4152.20081322234
10355.59170978304,6398.653052871945
13382.62848273562,4888.359253485016
13181.676331027817,3113.008350662314
13910.4855949829,4092.010196071279
15654.660456099926,1258.0058219575858
14646.394473540364,4510.472478161597
9141.528372593224,2883.070969603809
13642.969532289762,6508.843526749317
13357.596831147954,5104.25058789773
13099.572192933983,4395.599910804742
13084.636643519796,2500.8198551037394
14605.670685578994,3834.0333378723435
13899.981892104237,3692.1776703585642
15762.045796898034,2701.1912629053204
15023.633488732978,5005.425885409291
15935.0,3789.5906695129484
13423.292137260598,2919.8133347661105
14735.732757765987,3548.4016251525563
15182.272490127234,3921.596785316555
13416.860464249312,3171.0371965007535
13378.299445324737,3931.600972258127
13758.51526235002,4875.5017690595
13541.415067677292,5390.548444491789
11938.065397950164,4693.722639987551
13472.954428760771,5379.649325090757
13668.126650318603,3188.949281746053
15336.075089298492,5367.75184293158
14266.96869930034,2885.2250982163832
13981.604561634857,5300.3921921535975
15666.0,4905.676847711908
13254.282329643956,4733.705165208407
13551.041296632106,3474.1844109791327
14422.59751063436,3694.128305722704
15800.576530682873,3108.9104058878847
15059.986997275635,3531.414386664358
14000.953039720223,2435.3011056405653
12399.28919931963,4406.614731715136
13121.977233647824,3967.7101160778466
14249.115877796106,3279.3258378773407
13880.465417214738,1575.6827423358923
11518.043694536555,4188.093314851341
15116.798507924406,2486.298720022187
13117.733168155806,2558.6789052462073
15775.0,5002.745167540535
15805.359635363891,4877.036557511702
14821.693481944209,2423.697926561754
12683.020368608617,4597.8127024701935
13310.741330789455,2413.859833741624
12297.802608377935,1587.5118306519043
14603.540947465017,6325.564826077436
14320.214696764251,3200.097924350996
12668.788703451713,2564.5833179429546
14277.46181851459,5026.971576835527
13909.637499227769,3562.412769405559
15062.377652941892,5816.862981369613
13692.259552083615,6151.9741671820175
14168.412706440049,4128.753610911956
15797.00965824655,6304.806119965811
15732.0,4524.584585928434
13271.783788029223,5598.974454506141
15911.0,4540.613526288675
11890.752616430289,3893.4187949220673
14062.82359817013,6139.692660016948
14156.317053401286,4216.1985637655835
12342.6637829325,6604.265074966186
12500.504969698257,5431.993661375293
13165.303306834783,3707.1539455538923
13051.364692209605,2541.3367820986414
15612.889760172075,3380.727585613898
15607.68535580181,4378.090079701283
14101.280915452191,4124.916907315177
12634.88741105636,2438.713087854713
12383.408432057015,3288.29552967222
15607.94030344934,3936.411421729355
13740.975081553624,3645.7328624007437
3628.4730387568316,8109.80293550698
4869.506749448436,7133.394484199998
7464.96555747877,4335.8375497311845
5047.777830845815,7824.347475051765
2937.6707425425757,8806.904052581991
2180.138564872937,7035.751133581777
2833.733221702035,9330.601413460472
2807.4129360459256,7586.89097139937
4808.939326247746,6707.00212364795
3343.4680623978766,9101.504860597144
2650.332864640024,6505.842806687981
4105.008839742152,7791.015693015247
2821.007433700428,6058.837072970247
5476.581773003505,7639.460441038932
5235.182520031798,8100.625741966577
3012.620537216212,10550.148023303012
3909.3336421585063,10458.132893322376
4347.799921742867,8504.387370875053
2310.4069719153986,6425.66987323871
2782.6691352098896,10336.037739721849
4957.00940972358,8045.363422676211
4731.889388915799,10111.210069097297
2570.234660062746,8208.976356710295
3453.878160853277,8250.235726296147
3362.4877731485262,7383.915216371486
5949.206462025719,8235.238464122867
4679.211165997501,8543.10919473228
3480.845115293948,8091.81859692526
3298.7392607063744,8659.579558022964
5409.06702383782,6402.345733849781
7483.071217484541,8449.335722433756
3666.3742043483835,6526.752665244521
5501.879358817657,8297.844896620643
4073.5148723532957,7842.908624648797
4853.655010452116,8313.826277767224
4589.613247483148,6842.158638822722
3025.10820878366,8514.871191294462
4843.6947762150685,7623.736442309031
4610.864430784516,9991.014313159612
3782.874361315192,7391.203151069964
3403.22500890684,10519.483735890206
5340.3750466240945,6219.409869885267
4962.461346034945,8466.44475492725
3656.1229741073876,7832.504156821953
4372.1535421832705,5438.393418407933
6275.118118100463,8640.090677167927
2409.178712125472,9278.514796719941
5852.967261798533,4203.862044159108
4186.167192755139,6423.624105139248
3611.2989019440874,8543.43079601905
1642.5606695712254,8250.821465791056
5281.642078745853,7456.4437631484125
4819.745964069462,7682.427330958373
2695.3366800281883,7340.137814710079
4450.354017519658,7744.497205655589
6047.5414375672,8088.901882381787
4714.614028293318,5594.060976638716
3160.0037192965615,9570.428327547887
4235.916827942097,10314.44101447737
4499.828019402587,9364.399204551913
4858.917684721039,7012.764422745404
4843.828506864194,8353.780872952373
2519.275812844197,8157.244909416888
3319.685563093038,7815.719575646257
2304.267047398439,9747.938535145358
4329.063388173449,6872.1586368801145
3844.112358859066,7980.182744997281
3665.448972170112,9402.266580240754
2775.889319668747,7023.302184783331
6202.49237519732,8903.983236991404
4020.887661471247,9433.100622432197
6347.691533894543,7730.060682480447
3393.36719803042,6968.126287729962
2966.7634109182736,8128.6358330282155
3245.417211584573,8419.063865328462
3102.263654881883,7134.131833697414
2121.855203223201,10139.35433147867
5835.575889123431,8134.9877164906275
3803.1179135477214,7812.376284615431
2867.8568443446065,8063.786467632678
5753.02476687604,8328.072463417075
5638.6768894623665,5842.809292826592
4427.339462136829,7957.386373490484
4329.98609228854,8757.37249297281
4858.250103541473,8422.150276777767
3516.618316952348,10416.306886245206
3240.8569251965696,8724.92610268268
4652.931739647246,8444.407425473153
4718.457254139166,6179.217399403857
4305.678393134206,7352.431166138491
2406.1131404190282,9362.876816010259
2669.4325119502882,7672.400822040919
2905.521821524332,7572.434643506102
2791.772978607736,7830.687587144003
3821.2777882759597,8392.015553232734
4596.132415271103,10068.119704383435
2726.8508627160054,7586.354730414242
5312.111778699365,7508.720486681989
5419.877794437211,6160.371334357822
5304.471073509852,7133.51287232349
4087.4770886659107,7899.945761115663
3437.0027005345664,8061.198694126585
2395.421880014063,9663.367704522769
3807.112260518239,8432.149117872546
4128.677342365287,4597.577381361041
5896.3085655500645,6369.388381848179
1815.0693359198358,10461.113409983063
1746.566252591424,9715.950192223025
2572.0118054158447,8876.43291853854
3367.393588839859,6231.024102492598
2744.7393994512913,7247.167670634421
3377.944934783474,7145.587560028604
3191.325356277109,8076.528124888608
4681.03300883131,7146.350472951646
6575.1225165096175,8520.59287030485
5860.14594722881,7460.262367047934
2804.1702318436583,6954.231943967678
5146.245833112151,5238.208568361981
4058.0547960414838,9665.36655426223
3589.380874245263,8923.234808162926
3395.56467954458,9743.577651796
1569.455503832237,9260.15421686845
2807.4214544998895,10544.469009952994
5337.483402108568,9181.789725808256
6380.845954124231,9316.439880733378
3795.841582703134,8431.941887675739
5477.292807583094,7403.762278146247
4755.578873045461,6486.868013502354
5184.100483733362,8856.968541303284
4127.232705826965,6530.3866341729845
3362.9243686772993,8390.927723442459
89.36060202559383,8000.117436031592
3986.437783547105,8747.951345134452
2844.1253331158496,5588.170297003253
12029.866814176974,12679.258893555601
10710.98534794767,13495.752061831241
12863.610966668984,13791.367204516408
11864.503300180348,15673.0
11761.913579491626,13527.214334528962
11432.796692992395,12856.668265986287
12697.004666288985,14142.788746214746
12321.638221008463,12586.302024111917
13981.12289145217,14728.811241203623
13337.95237042259,12188.166981527953
11567.596080698248,12548.195252203619
10076.931621168056,13428.887842185359
9973.34083314712,13849.82685263563
11323.339988830894,14108.707526118724
13515.65058384514,15982.0
11292.936588154298,14080.086756296594
13719.352275725534,14296.218709727264
11712.538343019194,15378.360184137422
11637.642618271975,15427.393578282781
12794.661682190093,12656.204218434941
10079.998020148229,15395.436484982845
14436.147005259183,12836.751016984615
14815.64374868439,15152.591596479971
12310.62612619297,13235.943364892672
10214.50353527161,13157.312036875152
13352.315549742603,15624.0
13144.728389940867,9503.281547966708
11174.46240229705,15660.277010878353
13037.267536850688,13896.57686538365
11020.902052169184,15580.049919804205
11230.561896967843,13046.806515595486
13461.597915238313,14455.525268358135
12453.92686307863,11534.954043032512
11413.319046717716,14027.252880201446
14947.622110775197,15749.0
14477.985305471153,15147.649943324714
13068.915629060297,13822.382538024905
14123.51504803522,13356.529351600282
9259.047476833191,12695.823848708264
12238.036984110151,15997.0
13507.776642480178,14206.097084263833
11290.471624834492,13392.368123158456
11827.865088386096,15707.852439236092
9585.857932028812,13114.03308203171
11573.90700798715,15463.553606140717
13923.358199994482,14119.919358391768
11510.661927127076,12110.589587263952
12019.475933537704,13744.910276369554
10805.265594477069,12027.916472003784
13588.439194102237,13519.920774276203
11538.202357199945,15486.267052066054
11763.424891971556,13535.326927644634
13726.878769687473,14940.597166539834
10700.185700008726,14976.710044522875
12901.564489957864,14740.04081617965
11582.433123356026,15946.0
12551.476544563211,15791.792500222256
10611.44212102513,13490.976902789042
13177.975694133296,14993.403084038884
11706.682541739916,15057.217027450255
12551.510896889758,12030.49420309016
14224.628854720344,15683.124947510265
12704.55023829475,14097.484484115941
11440.101941479454,14058.200139485281
14656.654368246947,15834.0
13338.737792986723,14896.015142549637
14258.983810426334,13253.523875286086
11495.031129246103,15699.633850278911
14545.022240777125,13245.976763763578
13228.35597912528,15501.0
11728.937006685295,12780.736070408513
12219.012812683744,13869.00313719821
14397.221192636205,13561.244750228214
12191.04694467992,15740.0
13565.294156865575,11411.225149494228
12103.809984617508,15322.718442274203
11493.82461818798,13007.85684269067
13011.747773615687,14175.424053733315
12074.095680760076,10782.05987840031
12844.022950648114,15501.549640036434
12701.495600741331,14873.518243791152
11703.826198554836,15424.282581877043
11232.649809409004,12718.239005837157
11916.991516736543,15185.595228924043
14220.701602794716,12491.274450612971
14261.297570584396,13722.377621484738
13315.453024351376,11801.796160335216
12554.859140027344,14386.304531955058
12753.138226442208,12450.436733915565
10372.273761717961,15091.671570841208
9709.635670368372,15710.0
9886.719092401769,15130.57525504087
11043.563523910963,15610.557441449619
13009.975658770125,13683.185497299133
12155.31967031094,13914.822390110761
13438.98967631847,13937.222845334407
14196.757969138243,15030.605255713805
14522.304706172907,13816.852136296007
13243.3770289636,13341.890775971104
11435.908410359769,15730.0
12361.450807574001,14614.591021216738
11134.689517987841,15712.0
11743.187522804272,15110.034949437202
11309.113558569099,13765.248135320084
9117.108584889604,11788.124569901063
13084.577338969071,12616.932808733276
11303.232826047533,14247.37577080254
12667.540452167479,13607.502719221586
11271.24278601269,13693.688835877898
10638.211760838813,15358.766907795225
14492.957457930213,13181.634654561558
11301.41796790307,11868.790015747083
10660.681012370973,13954.917392516061
