13459.969565355785,5380.584436834388
17295.152001548406,6280.815592127512
16191.126430462815,2923.6489754435515
16419.09418662634,4656.687392783492
14672.834793316182,7067.4064616287305
16044.779215647957,4304.7875041100015
13997.381880898225,3112.7667176944806
15125.543354871425,6533.191705342357
13778.223382229593,7397.6795232634395
15304.373436988553,5535.353618442713
13704.144430297996,3713.98066250404
14996.12721646793,3241.734495999912
16489.236195384543,3483.7823282580866
15151.105538823116,4408.397066106895
16742.649251121915,3549.295184160415
15890.202339633848,3227.0467386069
16656.27701454256,3171.497889604093
15300.332788172213,4864.1658665169
14589.469326386283,2739.5547467642086
15533.065937233048,3993.2884052871027
15242.219218621414,6131.242288624931
15723.393433973888,3554.201802867882
14124.243440353064,2007.187725683059
13671.507576358483,3702.1880567821686
12793.135183134258,5258.232049005277
10613.221381583906,2924.7803703773607
13171.672173562732,6312.863215297082
16437.573237239176,4492.2013077238835
13177.049334940097,3330.879611850451
15788.90521250647,5165.355641537399
14871.92009954514,6191.849568098542
17843.686420004073,3542.534089817727
16062.333709280842,4647.628047303344
15969.042112238429,3706.2713149173014
15289.070816820069,1198.0222451483605
16155.614977029934,2497.5469531539834
14518.84512977993,3512.2824326173595
13506.441561083715,4681.237132512774
15290.136796828727,3062.7439982102164
13420.53306070633,4784.477631799967
15438.519560131257,5645.300981410583
17062.329262041338,4001.0607391286626
14134.944444559029,4399.257620622891
16370.013670424465,3131.3699723734185
16232.556672614079,5106.749704172423
15870.67031320757,3585.9464013410625
15290.081093610796,3338.6130430342
16110.099425708026,4640.32893032022
13176.52440541129,5437.851535021768
15863.936419889807,2209.4734847009045
15445.35396951265,3091.732117874054
16950.626202807784,6090.481748834232
15649.336706975162,3842.861321149195
17886.280553889053,5825.618602655934
10577.801901135299,6174.2067623967705
15134.801697474384,4731.740697397057
15126.714822200433,3881.8088018518665
11476.517136937138,5446.2289460455995
13809.685337683815,2172.5393004153875
16067.492153851012,2319.1959181109205
17155.474102288958,2245.989027097152
16010.770285535402,8153.75513968003
5306.803227672708,11529.422755768612
5146.531945400828,11163.091022343939
4896.638826282953,12116.508040630164
4157.97063001373,12366.25482888004
7876.354899620595,10474.930738431718
6590.119124448454,11318.489672089521
6097.170219110885,9649.251583727248
6941.132496859436,8558.30092869512
6182.976715575299,10462.797603340894
5291.12171537439,10482.853985667496
7344.89035548334,12132.898983003255
6296.1343262722,9832.263184934842
6964.49723641947,11819.590896277055
6573.758695482448,8422.623047246725
5625.994926110568,12187.662612553673
7487.902059760257,11144.725352509884
7068.571253152409,8217.70787756018
10675.995700830828,13282.655538101259
5749.113739311045,13261.861404747859
9384.650651660037,11914.660053648813
6611.143844894576,11533.281641675552
7445.779778184861,10615.241534387791
5973.234159211066,7448.658247540661
6068.074261462021,12562.661198389824
10743.148968385927,10862.129142972175
7813.024726702426,9634.250848636746
6466.086520483538,12583.831701880841
6589.731268476307,10559.420428144962
6375.310153692585,10637.607174039535
7928.936997089071,11356.476450936805
5027.566970900543,10745.384204681954
4761.687266479278,11160.044541637728
7834.713286611396,9311.96332173221
7230.378152366367,11310.890771467566
8611.641529402961,10934.666031953911
8626.200268693243,11650.122245710147
6770.906229994466,10540.588345039381
9240.356919456957,11756.32605044983
4508.567345377884,10941.222201856423
8995.813010502525,10610.665843503823
7593.658117675304,10403.58541014996
2536.04386201378,11872.766729056222
8286.062125902254,10757.227892837134
7322.356249306284,9262.936093398883
6659.748075600532,12829.275502466076
7504.706317761759,11147.976799393511
7569.828422330648,11899.275418115998
4431.299980274651,8934.605438485272
7954.71328880366,9500.412834327375
5174.3269602179025,9282.724508961466
7969.051418102438,12901.641130031208
5907.178058653387,13420.899217833925
10687.459353423881,8766.459499562814
9854.519117359247,11383.696901430396
5922.586227495755,8212.891214920559
5606.719100654245,10374.022297757785
7287.7886610477435,11349.89831827022
6585.5314210944025,11715.844184500611
6607.140598396516,11431.720694722433
7760.053564713233,12051.86505014536
6938.419253863706,11562.683742000308
5282.044001406924,9294.88733242781
8726.221302394431,10394.806616936641
8608.812296113481,11154.756464447866
6675.18710928018,9572.88520895074
7931.983587028418,11581.22973198218
9268.394793082829,11259.081794955926
9361.634506472383,11486.215557994112
4980.161477528425,10223.738681069217
7123.727238891492,9718.9825240112
6290.556389627043,12096.598298657822
5910.266009540282,12519.489159445531
3869.3620330045346,8194.870147926673
6337.189001842899,9917.070253328244
7186.526950340432,9555.941266971982
5328.771205812687,9547.886840797632
9034.051233430228,11116.917514620654
5615.085690960614,11939.590978069185
9284.12113488986,10253.75306392595
6653.116341914815,10745.690393564157
6891.656364976759,11559.672362033056
4033.7244603882095,12134.122125466474
5606.338772403833,8683.636586029546
7020.625767608076,13410.337830875007
6057.505691136279,10028.557328282728
6488.001424968107,11329.170331961748
7290.085833832507,12120.313182631195
6951.247952384068,13465.967838676721
7820.4725979637005,12203.094605712433
7230.326233360387,10895.468866627976
7010.504364996266,11153.62074167987
8963.593320515785,13866.963561509949
7052.731334150989,11988.998167560512
9256.99629631741,10281.020966014124
6436.84615601482,11581.338635654518
5552.331533958866,12311.711421904525
8048.1741280843735,10052.832383290508
7745.291364812815,13815.949285571023
8500.47567063574,11036.426587605058
6972.327608849627,9586.446300385403
6750.493637132872,9278.301448690367
5558.985844475063,10724.767024272956
8917.281609256768,13013.719992558701
8395.913414141061,10012.749058711015
7418.037130692133,12167.524550033531
8139.64170415224,15065.332394266707
7911.091576197776,9524.498586349007
5971.692216241769,9471.775880537403
5990.734726987901,9191.109766828058
14783.880144130284,16705.72846019069
16275.772823979514,13592.290166917714
16906.027861485232,17148.668320363628
16400.634830889656,18656.69262053491
15503.107968135799,18702.905352621445
17896.90877682809,16350.317418513108
15491.277497129166,20022.45735898386
15782.700651061383,17847.061996886387
16406.2061287048,17888.58003265227
15978.291521825138,15969.300906330833
14024.16475638899,17803.28258376817
16301.456448291236,15004.890376933432
16372.329979226723,18082.233063574586
15528.09835474569,17473.243786541716
15916.323922520925,20039.13301549432
16161.39501511077,18965.06178423194
18382.824654577005,17048.975442571114
16138.84258882212,17992.1677619489
15060.535460572033,16725.756659664556
18184.55614233025,16350.040576378722
18273.49616395927,17673.2696651214
15521.55511172536,17331.15497913786
15872.032957524905,16896.69931602863
16492.97608015551,19437.99651309686
15211.95787271269,17020.816093280777
15635.290008714257,20515.715471415682
16438.30306928789,18055.2018743683
12544.199449864305,14858.37839313062
17528.32755214136,15859.481763048187
15739.650248437996,17947.907513902523
17117.459572494117,17668.659058908226
15279.74640830803,18404.06367490571
17127.114186353676,18241.03679241067
16148.17710560501,19231.344369503593
17533.347115530458,18993.523974925785
17195.55779596713,20447.43839681058
18345.637971718057,21459.37889188176
18338.672704283123,15708.59461022893
17701.339412838326,20226.26281759991
17352.454902932615,18920.556571159406
16387.62789516871,16360.61081315032
18079.52627591059,17464.478653224283
16027.15665458606,18252.739790880813
15102.020465673797,16942.773936573823
19407.358400300458,18996.350135650722
16105.438905891377,18821.219926225345
14455.936898512997,20524.503715533745
15963.023551560711,19272.38935480188
14103.235889234533,16346.673755729844
17588.182645718178,17161.80390439599
15492.412969043075,18633.686538480062
17457.58846961491,18030.632098142716
14410.604358960007,19399.83625838105
15476.890895552291,17916.787960255402
18517.35971083632,19111.334048188884
14960.898889147471,18975.04189098594
15707.386324060744,18148.366272548927
17375.833662816156,14801.32496243559
14682.111783210054,17274.202723392893
19157.172810156044,18923.156346806227
17606.11098301504,17770.643739933737
17720.773673336516,17322.90189278142
15118.17829600025,20544.32971200992
16991.65947390384,19528.879515217457
13119.578130030124,18324.63418274282
16668.343310081873,17796.678548441145
15682.46666747821,19543.613999505917
17628.724006887864,18139.27711149704
17833.82873896767,18849.164664673015
16582.10745006136,18520.53051356822
15031.760927572424,17745.34797467206
18633.1858626056,19846.743557754548
17660.99127944062,14594.379785092786
18790.44707164287,18084.395635884044
16391.945278645944,18921.61464280897
19786.10907572005,16016.83928655442
17324.070546654966,16296.850921084615
15427.675672837471,17256.559218727703
15785.350440537934,18134.32176334359
14533.40767318507,18836.742841850482
14824.744934603765,15704.227492522288
16119.985754257403,17222.817895228833
16246.040044570414,18777.44187636866
18939.129255070882,19179.27135553878
16344.224076697516,18573.855911936524
17366.6355434548,20655.403670450552
17649.69859839547,18024.154511598437
15614.404140148545,17793.186135312226
16095.630304187918,16180.561225910324
16955.118262308897,18107.696781795697
18126.520365881872,16606.16211626119
15312.4854217158,19776.94848030955
14302.350308928588,18294.871082943828
16572.704554764772,18545.523797546262
16880.953412785064,18308.496382120036
16502.84773719856,16875.724721928247
15429.731691986253,16165.3815212964
17797.676314095126,18094.815262117554
17902.213693216323,15664.323191329731
14927.981394165747,17187.866668854695
16216.623903051486,20128.210829430616
16412.64519525526,17048.58267706926
17335.9594051213,17935.527919508702
17225.15786811157,16721.82186275202
17803.213005608188,18830.805902026244
15512.53729800679,18260.073016207527
15608.441889307245,14894.08642898755
17724.07557791684,16169.796826620757
20076.01430651269,18599.998962083824
17418.188365508267,19829.77945373792
15627.137285640514,15873.728487002443
16549.87748765197,20934.920146155728
17108.10758064229,18328.479270395885
17728.901674983794,19741.23483896746
13094.482199417484,17717.646741873363
19365.923341719943,16309.406448938462
14436.490478834749,16670.63950988587
15676.826607088182,16691.289040608244
15286.766489812726,17121.260817437556
18844.210673707697,20580.46191969099
16903.784963068858,18483.764552145272
17063.949070203686,17968.47823589165
17887.864107581583,19178.97663651443
18842.506254365566,18978.456881565588
15093.01931060322,16579.428151117023
15930.288469371715,14521.82248982245
20743.695701492437,17033.182066687277
18354.918871760226,16415.64219706901
16959.526585679607,19127.34711989033
