18275.876893421162,3711.59573482875
18174.119349490025,7198.13366031036
19631.118709862705,6152.797332473167
19274.63299580105,6048.236503734121
16821.66148536958,4423.270026292859
21898.0,5204.191989995796
21192.166022532507,6447.0436527824495
19740.84515800852,6540.171523665905
16842.374073310653,6372.174190610121
16947.19891984273,6012.610882193483
20867.129743039535,5818.8567313287
20314.924327443838,4617.442493210134
19119.846510362488,4622.637377619011
21515.819946403964,3992.9948447957377
18953.63948032019,5140.882792820705
19163.73512445554,5483.686931379461
17051.76577388415,6010.522410690297
19250.830261538827,2865.5018995065534
21238.815178303386,5005.872123801025
20782.698606618895,7138.656833197285
17910.756036594077,5836.385571096663
20905.41512720791,6146.570288730156
20888.56120952187,7172.404815450493
20744.277841243133,5918.031973917559
21298.460307354828,6139.530972397084
17883.144181050655,5147.619428309507
18688.96157922244,4508.1915251662085
18208.168029346885,4582.256938773151
20503.692691211014,5884.157218270037
19478.734526243614,2452.0152380078775
20896.473202827234,7230.259530692599
18859.742226208007,4429.565063757322
20406.970735572246,4908.730313719425
18493.31400528715,7013.098238126118
20523.466057725647,3801.6811276596636
20596.44167076861,6364.438344917007
19120.61256843226,1559.794810531941
16281.523970877808,5574.78373608137
21048.99577797521,6574.833586563454
16642.420921631747,5774.8301043432975
20544.913283822923,5799.774584780983
18326.091495895333,6711.496274110736
18753.688712660572,6155.607242676116
19606.991079367202,2603.2549144561076
19860.080368679457,4460.95449349483
19324.485013694077,3744.9516393673835
18865.581523944107,5899.5300842402585
17359.927607883375,5483.886316986996
19944.646405605083,5262.724653130524
20047.804027310303,4213.82092828328
19557.21667110063,4666.348410375829
17497.714307876227,3005.1217874210224
17820.08041008585,4944.265513152078
21054.984642923264,6869.156038373813
18922.11416828428,3014.237359359312
21955.0,4084.5065328274195
20817.0081784708,7061.754511707786
17509.660284011792,4485.937981420092
18315.18556035755,5713.257324633078
21181.895637144004,4631.670450108981
19796.150094031877,4793.081260662513
19997.96135842404,2207.686404246906
17433.41593960891,5443.871870060578
20572.444019149247,6790.635586907818
20351.586632519145,8830.374748629329
19701.820691664194,6946.037412408606
20420.24560613942,4292.189241068898
18551.89349454725,6817.550100797996
19512.19603849594,5810.658640469973
19283.451003303733,6306.832510633529
19665.91528811061,4146.720732573976
19802.21640063812,6187.0107544774455
17531.8329742735,4962.052044178196
18897.95122705829,6091.366203087059
20828.821912548006,6934.940393040162
17355.68887338376,7081.124295612135
20132.59559114967,7518.460010455954
20002.26562963598,5108.9172347048425
21392.103405331036,3441.5243380672314
21144.728012097414,5622.96768305618
19057.978739158487,5864.854202243865
16567.830701746065,5661.132486514377
18435.60857463382,4446.09291246791
15992.16421916967,6207.5682407358645
19131.803468990558,6261.619788484069
21782.16092434813,5750.099981408178
18430.08189643763,5566.605228250606
20089.842080115388,4955.167045384285
18137.779973048422,4870.260617978129
19398.588596283786,4279.352887150159
20517.58937288617,3082.2372949181104
20063.898870022418,7469.63591532744
20311.487531500945,3829.897276380101
19426.873829200737,4841.374578936332
18844.021204921453,7976.034602315121
18175.39363702496,4934.731159129577
20085.413951817456,4519.565071824399
20980.245643154725,6659.131434562165
19306.888985263588,4806.458628954911
17540.62560289842,3904.718395812188
19018.126412570615,6068.746122118407
20177.05055126932,3857.4958435421877
18633.035947504297,6173.985315134143
20115.988858686313,4629.511639799802
16662.847972275482,5448.1737602664225
21191.748657473912,4614.723714734595
20676.616580016194,4824.688572166713
20341.74823056241,6030.053774019715
20870.697178212475,7400.231995828395
19215.223349091633,5618.572634312495
19463.218869905504,4119.705856982901
19699.82518844881,4593.422003145126
19828.18049226576,4719.059699427454
19093.468867674484,5131.956045811078
21706.0,5533.687713412717
17327.502596989165,7479.925601145011
18760.661093565086,3205.723988384048
21143.922322898823,4396.992032759393
17046.16483551383,8267.161229772539
18721.003324288675,3582.656477149845
19598.679023157652,5358.905543300056
20103.107653525967,3746.724722564129
21813.0,4839.936126518134
16878.229997210005,8024.069775201337
16648.205274379656,5437.787135975912
19175.725558691473,4605.259411927996
18466.21984573396,2473.1915583731547
21243.417086149817,6556.4792024691105
16060.641986451628,4515.997043109623
18389.79642563696,5217.656869400205
19933.40205938341,3595.612957889488
20696.41806703449,6812.40630798124
21116.941141240135,4557.470608559052
18488.825400831873,5149.565743931778
18738.100224527032,4986.592897779919
19723.37486470545,3456.826828935543
18799.184695224005,6452.328473670298
18824.08920869173,7273.661610902262
18388.370551254993,5385.47350704673
17335.815182378177,6751.752623015378
21704.0,4110.266807301081
21677.29232046594,3817.7671291879506
20363.816825476453,6619.697924020011
18291.788795237102,4974.48453724289
20748.73785859035,7099.098718208396
17606.769811039347,5005.987508533178
19438.899674483844,6723.855534836555
17906.101262183933,5544.6178569747535
20368.774076817073,4469.923521948248
16958.040274239378,6878.114463509248
18253.090749596664,6547.280647279496
18607.891147838458,4746.94386419571
19990.12600760895,2773.0197589894606
18511.281886724493,4789.645540477019
19931.849246467285,6081.6455116297175
17885.146269901485,7394.277611420814
20310.620159032682,5838.267356581019
20526.08973975359,6264.115865938134
17231.372404263868,4476.20374991581
20002.524986443135,5265.365648029828
20392.781029349386,4359.735058251117
18724.020209255275,3897.4116432247856
19665.202205483536,5720.926100626135
17838.585502274756,7918.91952615558
17619.978766411466,6330.594102472495
19504.192074933206,6586.562046848018
18976.914741716704,6838.172285656416
21650.0,5410.818868365328
19282.513636075255,5271.611845072829
18146.944018310503,4852.665000375273
20334.395600937638,2112.5524827823833
5507.297604793377,11813.099088803538
2407.102772069293,8101.933793631919
5062.556409059499,12942.06072471435
4919.769315201043,13831.220897560801
3200.247114289993,10550.145164647114
4396.7617604933475,12172.446948782359
5591.076045390413,12360.13049759251
4628.423186060238,11252.988297320542
5355.872747435982,10898.331678293436
8630.02345549743,10124.57630003849
8031.69310182751,11243.418891712257
5599.2732933257885,9921.13647561879
5952.6549678806505,11765.549480239539
4826.09145985575,7685.178886683301
4923.527037899422,10274.099799372656
5149.162110965012,10001.679094839667
3601.037805732225,9927.425668819993
6439.921140947302,11104.355810525689
6314.315966163051,8349.558545711338
5642.526672989181,10099.623449853914
4322.983850525663,9388.085824630842
7760.685487117264,11632.04943432458
6075.796770234303,10360.110212074758
4022.679983387654,9450.351454976188
4165.276446980953,10930.75953984228
6116.38804983038,12651.079098471106
7744.124598586461,12298.008861283393
3426.882538053685,8486.231547785825
7062.663822034288,10082.52688299834
7061.911626415577,11071.05428654374
8735.393500540587,11581.747440576615
1569.492500827792,11845.472287819353
5754.41739856757,10689.090906916457
4323.478410135007,11203.521406944226
3049.339608014177,9359.888241674102
7055.897745338355,10763.102091110775
5455.5476554161805,10165.242636184941
4538.238102209777,11364.71255271629
7778.881377688626,11080.232923757296
5664.555661580747,12229.759576439605
4507.500570611967,11028.903398346503
4013.311299151196,11989.867000643651
5127.308458609337,8624.947653585457
4568.752515472004,11859.027326196476
3303.3589105809046,11971.68866844388
5269.937890986427,10985.836225363926
4712.402496981134,9319.79150167774
6636.190343068738,12442.445489593461
947.9396268953524,11176.079161223142
4988.539996702714,9342.769801423861
5544.58824410576,11723.535520791178
5754.2368923331815,13183.331830346333
4649.473231228804,10503.828910251366
6070.114285559228,12089.107991638022
6452.069084778625,10157.863254580434
5575.690119957366,14496.263099823933
7280.854598509545,10858.697152132414
6348.180601030597,10646.173593567535
7081.262215134628,9319.3496523674
4905.798206748309,11074.864269014588
4349.89621065279,13742.655448869838
5305.258887704681,8837.763161124953
3612.813530403774,10971.008588350081
6901.049102099109,11317.431599362371
42.01763109004605,11147.25018362392
2036.4331001822738,9241.818689908385
8592.019617939914,10860.400651747512
8049.8594407220935,10126.789057387483
7436.376939439231,10004.04914617758
3326.510302242275,11413.771396114998
4361.778527012495,10253.844845256137
6724.441358837052,10273.902495088969
8581.72513157395,10812.449131901574
17091.708144577242,18362.60993193296
16358.246015523338,20969.218318946878
16159.612229583117,18223.141499908794
13668.03856439294,18599.17829297598
14790.727290864583,20731.034486386936
15871.525109219938,18818.594013737045
15160.94064090388,18768.668600138757
12969.933677191639,19167.253513547348
16634.332074018697,16145.832712241474
17549.860654142925,17846.954056710543
15024.578443695256,19443.557515368993
17673.270899538482,18510.874986687755
17661.155019761594,18823.144267105028
15831.50943122149,21437.03847068451
19208.35190726533,18747.50323550109
15448.113968609701,19463.677181663832
15815.954763749713,18868.897163900092
15565.479276642684,20083.994242307683
16318.90000564096,18956.255000841058
15609.831969118033,19049.66198479338
16637.49873843359,20847.380409389792
16584.94822034758,17776.820711689776
16864.205612301415,17941.94325855821
16668.981628547983,18452.79572628575
16919.523128563695,18297.63202810488
15481.021786921268,19526.82917126323
15987.190483735838,17815.032765752007
15175.170798727637,19467.185875253817
16419.356367683096,19543.565429869755
15190.761267233309,20542.614672502543
15702.365658561317,18414.46656251928
15054.191817811457,16819.256750633675
17555.9991749678,19409.663505271954
14936.296923197253,18587.1066046793
14132.56927446507,18828.490057779196
16049.439871726297,20138.285344658932
17941.45670061765,17199.036212825493
16349.126997187346,17471.082053711027
14823.237247244828,19984.35102132367
17510.72968128999,18782.312430468595
18381.58025463576,19869.571617934118
16121.271522574123,20842.80805071517
17091.29526212266,20612.660175109817
18391.43701961565,17291.64644991124
14884.741898536024,18212.34065023022
16102.48879681383,20061.719202152075
16689.46109395122,18056.045675800116
15523.84193564814,20680.992674486337
16182.390442219144,19546.18581470352
17463.714431696575,18921.228605688895
16578.90979526549,17263.223674972538
14648.002008067053,18671.1831652188
15634.215083632365,18157.60257358504
16380.460428338321,19469.94794720417
18846.099714457443,20816.083747225992
18197.792728175453,19121.372848126033
