14385.126,16152.25
13632.329,12402.813
16872.912,15867.297
7893.633,16733.629
17492.471,9649.341
10666.954,20407.531
9875.077,11663.868
14563.179,21863.927
457.0,16822.233
10314.367,19673.177
17822.922,10116.63
5519.025,1104.793
9116.959,7047.501
383.362,21527.173
6135.084,10163.331
18909.852,8505.297
11692.56,10006.155
6007.151,14520.164
10195.07,12302.424
7305.007,21712.945
11442.132,6917.456
8860.901,6711.216
18311.585,9832.716
19371.232,11252.272
12467.038,2591.057
20680.405,8784.838
3981.765,1545.12
772.236,13333.489
19402.04,69.886
21219.83,11433.089
14804.709,8833.335
16191.536,14540.971
18429.971,9979.909
18284.758,213.884
5648.292,5516.9
2028.767,1859.478
17440.5,14369.974
6497.825,20473.677
16238.821,15089.954
5755.763,19330.706
8916.462,2745.669
6552.584,7564.733
16255.025,7357.114
3399.292,18226.995
3679.512,3568.034
474.691,20949.627
3829.827,18306.953
14957.699,17318.77
7724.937,9105.092
11788.337,9175.389
14794.105,12982.132
7702.133,19124.866
14693.789,14626.076
5151.505,1883.985
1662.353,16514.897
4776.289,18375.124
10278.446,6664.355
21567.136,1821.874
4538.817,12046.677
15698.763,18513.354
16374.78,5003.59
16449.089,1718.463
4727.382,15435.203
15558.573,19174.484
623.521,19987.058
7388.298,1267.447
14808.344,11271.821
13075.374,16223.375
7519.618,19540.884
1362.819,21315.842
5952.562,195.148
267.181,18798.617
7774.637,7725.558
2705.969,18886.305
13944.826,20534.524
17414.492,5596.295
8935.307,20382.93
9207.2,7051.113
14033.293,10820.232
13989.673,13369.244
8943.365,979.394
17383.118,7679.456
14027.675,759.696
303.346,19759.584
1781.473,6479.971
384.025,4303.544
4250.379,21459.672
3086.912,15790.629
13262.398,13687.253
257.969,10107.862
19948.717,10345.002
20093.682,9528.482
3832.474,8160.046
12057.826,21007.958
9429.492,10927.928
6166.271,4880.126
6410.896,21565.056
15355.06,18240.267
12151.81,18284.718
4249.308,5853.228
17575.075,812.668
19059.584,20513.897
9561.227,3810.592
12780.092,53.885
21058.513,14890.535
1227.161,17318.317
4478.381,19079.102
230.8,6457.266
11666.427,17509.049
1180.371,21568.592
21126.817,19489.924
8776.355,20558.754
3391.645,19962.459
10512.331,2539.968
18038.531,3340.686
13475.74,8512.092
4483.331,17257.563
1633.697,18067.628
21368.281,1286.965
11034.58,15012.207
7787.814,3167.301
13903.836,19500.67
6408.071,15889.163
8010.061,4801.288
16121.632,1567.579
19120.285,5699.031
19834.654,20369.761
1538.454,17157.693
429.193,12662.029
8540.224,1063.055
7987.691,6733.087
20035.975,17541.512
4507.294,12140.896
9106.763,13538.907
20129.865,8850.648
7259.483,10735.348
5273.935,167.394
6409.495,14166.635
12633.951,2924.728
13224.082,20192.536
8128.752,1217.939
742.928,5680.517
19483.992,3936.071
14856.462,19381.918
7100.501,19602.528
8369.583,7820.167
14909.294,8105.531
3230.77,14212.639
11393.262,8706.974
12193.237,4975.314
16112.97,4493.03
13358.555,5895.191
15263.343,457.023
18949.627,9857.625
3741.379,7983.051
6252.122,21241.917
16004.393,7741.306
918.217,15881.094
21604.081,19850.009
21647.678,14268.11
18896.008,3846.37
7647.103,2586.34
16353.176,9764.084
11436.142,11882.387
17929.561,14750.553
11540.193,6172.303
10745.174,17879.473
436.104,16045.896
10959.877,20671.994
19034.591,19735.585
12261.617,5612.733
14891.698,11726.818
3825.248,5571.403
3079.788,2226.391
21916.05,2879.75
15146.808,452.709
9810.971,13250.85
11218.624,6861.919
205.174,20499.902
13315.402,16343.632
11118.022,20088.604
11674.976,15430.039
14620.178,3671.283
3633.231,6640.054
12940.46,13281.811
19671.96,10996.359
13559.111,20306.455
18243.773,13079.991
6106.961,14150.698
19251.889,15133.315
15442.527,2543.372
5479.367,3547.37
6091.118,16975.68
16907.897,10001.977
3011.892,15945.68
163.438,19138.499
13460.811,3900.755
10326.15,7616.328
10344.542,11691.13
14487.244,10507.877
5111.157,20484.709
5315.942,15020.95
13871.217,8603.806
5699.13,2624.816
16028.974,3970.714
9984.399,5072.202
6788.045,13513.613
11897.202,19892.891
4080.505,7218.846
4015.634,12018.084
11687.771,9112.867
2109.849,4574.599
12842.346,5939.233
21570.331,16505.971
10665.312,10949.485
21656.22,8994.276
19247.918,18746.577
3827.914,16906.504
309.484,16372.807
21209.927,14811.377
1779.039,10969.414
3310.853,3883.75
2793.556,5223.86
17339.005,18940.539
735.749,10729.883
10440.299,5158.532
4577.083,12789.014
12683.094,13279.193
13907.752,4424.976
19615.249,13831.568
11689.023,8151.774
7651.606,12903.233
18261.469,2838.943
5806.461,4928.223
12580.621,15694.446
14386.448,13065.909
13873.066,5421.762
4123.539,16892.258
8405.574,3646.941
15090.77,4756.635
4113.348,3183.175
19323.67,19532.058
4722.867,18379.926
20984.763,12654.681
2881.188,14387.253
21263.244,6983.661
17186.979,21041.566
1141.507,5919.828
9027.492,2594.092
9591.118,17213.116
17213.114,6036.853
10198.157,11992.836
1625.186,17223.548
9046.048,6271.787
10507.977,13322.228
8676.092,14273.067
14999.659,19282.645
18480.324,4151.735
11716.275,12049.391
13536.534,13874.382
14531.017,21134.865
8168.293,21992.99
3643.874,15747.152
7759.658,6958.48
13512.726,4799.399
21883.965,21160.273
15753.943,17629.298
10706.241,10899.044
3240.553,9814.159
4801.906,4964.116
4320.549,15039.466
1387.9,19487.656
15851.742,16816.248
4382.289,21327.84
8273.802,11109.144
18012.084,16222.618
16016.655,18273.23
2861.354,13325.57
7693.824,19990.82
1636.098,2102.962
3312.108,2869.385
2560.64,13349.75
11129.577,11177.373
8522.759,14085.552
6859.831,10233.958
21087.233,2187.971
21185.746,8413.589
7443.291,6746.938
10431.84,10228.321
8912.065,10965.53
14567.947,18510.787
7870.435,16184.628
1526.763,8892.482
5850.566,3803.012
18691.275,19609.653
15620.506,169.801
11088.201,15830.409
4592.796,12792.974
12927.181,4252.225
9377.144,4241.705
