16111.873,21446.078
1144.003,9447.176
16732.645,20586.797
17149.512,6337.027
9765.769,21082.196
7342.441,13673.207
2869.425,8209.174
4371.046,14138.81
18005.117,19575.522
16678.778,9644.862
15984.505,15707.158
10281.216,19269.672
19326.346,13176.861
14419.464,5928.748
20746.201,9623.585
4603.074,9101.352
12590.571,17316.27
7128.045,8138.399
17.758,10798.227
783.805,15145.73
1105.551,14273.452
11070.92,11817.904
16409.823,6909.606
8466.366,454.828
13064.191,17354.728
10153.881,14524.023
1184.984,12439.762
15063.268,6786.282
2031.306,3817.396
261.124,4867.336
7760.399,13822.972
7574.143,2443.687
10056.598,15706.477
20903.13,10396.921
8990.942,3870.631
8062.822,8311.12
15693.17,2369.743
17510.206,4212.486
4906.128,19825.407
6022.84,1196.203
7232.915,16612.574
1341.424,10063.363
19745.051,17163.312
13343.596,12126.874
15065.547,9370.336
4349.655,10023.074
16021.13,3644.413
7930.195,18374.77
727.115,3811.023
20730.91,15873.531
15673.062,17628.455
20297.544,14147.768
4884.135,12925.347
15129.794,5227.04
8040.341,9931.712
5415.648,8951.648
5120.403,11522.193
12914.748,11078.775
7046.647,8257.779
3196.734,11100.786
12994.496,3777.447
5641.9,856.378
21026.473,2080.5
20398.92,20350.317
4932.211,1901.773
6601.532,7981.872
3761.73,19503.305
20129.285,18148.579
7250.599,11006.35
11932.84,15183.464
7551.774,6635.526
4304.475,921.801
7108.097,5700.987
12623.641,16959.697
13488.607,13146.189
6278.504,1601.517
19143.336,14157.987
12971.252,10729.732
19205.413,10769.173
9006.413,20227.416
11456.208,5766.481
10595.123,2765.566
14991.26,6152.154
12566.559,453.881
1754.319,5816.752
1498.213,9965.039
16863.141,12849.324
14205.185,7195.682
17922.179,1266.716
20720.817,6908.917
16696.046,3544.469
5309.842,11675.489
18033.337,8213.968
17044.163,13590.063
19802.368,12291.906
11234.012,8905.981
10990.709,21602.883
7539.946,15234.225
3236.263,2945.201
2158.341,17952.042
2251.436,14609.033
2272.006,188.66
3962.234,6413.308
17007.913,18321.262
8354.903,4877.409
33.833,12923.718
16760.116,20961.143
9805.499,19705.613
9302.097,18239.671
18993.042,4857.683
7141.446,12743.095
13195.192,15904.537
20031.812,13083.168
12152.619,3761.333
298.309,594.26
10498.786,9566.08
8276.225,15090.324
13729.328,5352.012
7025.314,14780.358
2252.985,17891.586
8197.015,1171.571
7581.16,12776.534
9821.497,20797.11
15997.084,9472.327
14505.963,9219.829
17678.123,9329.464
339.939,21315.894
14584.596,10790.711
17698.653,17581.723
1130.164,19643.535
8390.216,2644.376
1745.362,18084.244
17150.437,18871.143
4678.285,13663.659
14452.428,12115.193
308.319,17554.793
5505.511,209.995
18972.643,12509.431
11469.543,21214.786
10374.772,9475.557
21181.285,15213.256
15233.251,7401.666
2934.628,13799.856
997.793,4396.777
16295.13,17731.409
18055.683,1601.579
1398.764,2636.675
18982.936,10682.09
16528.572,17603.888
21659.229,16060.742
879.866,4246.598
8538.112,20169.915
16659.888,20274.408
1271.083,2552.301
18739.681,6233.336
11641.626,4876.493
11086.38,7812.7
12630.011,721.3
12884.805,21584.887
13470.361,2554.457
7843.474,17304.078
14237.934,17489.705
16028.515,15854.766
4036.675,12864.889
14290.628,2932.897
10863.504,4654.419
11139.848,8341.581
7308.221,17760.17
13469.024,17439.667
1739.502,16757.572
19849.102,3977.415
16880.276,4787.441
82.225,13933.586
13825.657,2388.937
20686.228,11590.333
13378.346,337.191
15979.915,10296.879
1681.925,21123.454
14996.688,4550.486
8860.511,12956.094
4875.683,5197.322
8844.933,9967.297
12734.587,18084.048
9599.871,20634.227
3019.501,13959.364
20577.356,16499.635
10111.557,20441.262
4310.456,19791.612
11199.449,7272.548
2776.382,3908.452
19838.278,19993.006
16658.076,5761.437
14869.591,11143.181
19525.849,9170.15
105.447,6508.551
6013.071,15994.773
12389.961,6934.549
10887.686,2453.089
1317.017,336.766
6481.599,4313.459
3281.807,18471.006
21317.577,6537.005
20474.552,1499.541
17132.515,21950.49
16139.585,14060.755
2883.8,17718.127
10747.365,11440.994
15615.841,10373.094
14194.069,20145.465
21226.052,9111.298
8872.873,1040.859
4512.594,5412.073
19723.653,11839.869
17206.972,16270.481
16684.292,19248.229
10545.992,17156.663
17597.466,19909.11
14475.053,20094.993
12839.132,14021.857
18914.587,1014.964
4632.941,9925.884
8195.296,1823.224
21591.905,7996.22
9279.057,11595.785
4736.174,13722.664
3402.684,19688.213
17479.173,17824.849
11960.293,3461.823
2904.718,10630.817
16335.311,9834.277
4860.462,11742.128
1482.831,5327.965
13044.125,6925.562
14871.296,11959.663
12280.935,2200.19
8624.932,494.741
18973.08,9306.661
20523.694,17977.949
19064.42,12013.916
5316.071,1331.535
9354.217,2941.15
356.14,5850.745
2067.465,3280.206
4964.052,18961.285
21660.221,4606.233
13808.801,8715.48
11891.222,11769.659
14614.198,16957.226
12337.215,20689.684
16253.468,16537.498
11646.205,2793.532
1281.767,15568.71
21927.064,3122.504
1997.011,11245.496
4044.612,19537.814
4277.633,5782.65
2137.501,3524.89
10278.467,12997.131
1971.353,860.917
3089.441,4418.467
7486.618,15549.2
3512.618,17493.742
9353.916,6390.492
1617.621,10962.032
15588.387,19695.513
17425.931,8775.614
20200.401,3030.229
9649.804,17280.236
14033.422,10655.694
12905.458,4253.823
2529.134,15636.04
18667.475,20007.492
1546.577,1169.478
5965.734,8278.904
10694.79,6603.16
809.46,21136.159
7423.105,4748.128
776.182,7139.164
21970.693,12966.406
8073.137,15549.55
10924.481,3538.307
17883.393,11618.182
6713.552,4360.276
13331.134,13042.704
3975.131,4413.22
17618.194,9817.572
3169.557,6737.352
14036.942,21724.581
2553.789,21832.899
13024.455,5145.03
13238.337,5650.242
7980.82,3365.931
4066.463,12241.593
11652.024,21666.861
9769.371,20937.771
910.123,1167.69
4103.17,14535.345
16997.197,5888.551
13851.214,16995.523
10717.176,11760.294
