9912.625,15467.753
1496.748,8082.447
185.969,12043.697
13165.189,1078.218
15259.03,3078.406
9995.756,15156.007
1256.429,7768.611
4478.75,3310.612
9359.701,13957.072
1816.527,12070.67
8400.338,7188.484
10586.687,9794.258
3913.973,4762.578
4700.97,13032.924
4604.53,4806.631
8854.461,14501.333
13769.998,4943.567
1852.397,15457.632
11281.195,14365.157
1936.04,5256.034
12589.76,13822.742
8360.282,7320.959
464.551,3181.688
979.172,4820.495
10945.073,3626.162
14109.781,7865.287
11282.271,750.505
8506.822,6636.004
1149.445,15142.809
4564.934,3624.463
12855.291,12201.663
12699.457,9268.029
7032.312,10764.699
7611.097,14462.275
1515.549,6200.715
5064.163,9279.188
9973.123,6299.857
9634.837,5248.192
5662.723,699.746
15597.53,12424.362
14773.403,4190.984
5396.84,5370.212
4585.663,12412.238
14228.3,1542.277
9806.261,14898.637
11923.995,9132.471
11288.212,4781.84
5833.868,12434.606
7633.821,4249.286
10618.436,1641.958
7334.872,15813.513
5899.676,4709.265
522.265,10262.871
2429.26,8567.928
7888.61,12397.063
14875.07,6197.564
15789.88,10479.081
5901.101,4784.012
3253.407,3790.594
12541.696,10828.128
10783.036,12213.878
12627.499,4791.038
882.259,1377.553
15255.652,6.947
5876.421,10098.091
7007.868,1322.898
7019.149,3655.692
1039.876,9472.366
3712.166,14024.884
6714.888,5968.99
5360.008,12332.446
1846.537,15617.495
15190.426,9389.419
12005.421,3235.104
9120.728,8617.851
5573.957,1920.401
11492.617,13662.838
729.472,8617.049
12882.236,11182.753
10157.187,14076.892
7048.411,7871.015
122.03,10613.725
5710.463,10132.612
1811.637,1104.534
2395.103,3333.248
11193.763,5794.085
12036.851,11777.209
14680.023,6978.944
10442.388,5346.514
6400.882,2784.919
854.562,14342.317
5838.168,15194.884
9945.863,7945.068
9392.621,7734.2
5098.428,1986.141
13451.999,5465.788
9027.408,979.311
8007.198,14555.46
15838.149,1886.875
8382.736,1056.925
12004.007,13306.901
9212.685,10705.246
7460.371,9879.922
1613.048,4031.547
12977.374,5457.526
12729.995,4632.398
7381.835,14802.761
11081.092,7957.0
3152.746,12142.768
15112.308,8450.236
1886.033,9763.563
10174.676,4641.589
1033.713,5023.845
1714.89,14672.487
6265.01,444.979
8997.682,11523.162
14419.369,701.302
4346.219,9957.771
1441.098,11082.577
14761.4,14729.107
15652.954,10808.127
7376.186,11633.963
11153.966,1901.698
15899.689,4685.379
14915.477,12270.922
5419.397,14507.606
5991.427,15380.457
13315.857,12675.258
15122.467,4006.35
8865.044,5729.759
1815.821,12957.088
3677.421,8730.568
2504.466,7060.823
3574.875,8235.257
11997.241,13457.318
13960.04,4488.124
10974.313,7780.53
15159.43,6440.364
9767.19,5017.492
4796.703,1693.001
8247.1,10042.009
15258.593,1214.724
3638.033,11871.452
3414.74,14986.543
3055.293,15433.109
9516.935,14738.142
16.409,9600.117
8062.387,9522.477
15116.242,8518.238
230.078,7121.08
12574.555,15307.763
12967.527,6606.311
12057.616,8875.786
6479.307,5168.874
3428.204,14405.913
14682.34,7984.122
12163.387,2971.083
6309.282,11834.286
14664.243,7783.153
4158.019,11818.384
6282.399,4411.497
8045.346,15357.214
6790.058,11439.5
13401.205,11255.299
10817.776,8092.766
9386.174,14028.251
4421.148,10035.535
13826.614,9459.23
8325.386,14195.332
12876.762,15306.206
2638.609,7333.503
9458.858,5442.691
1691.958,798.262
2505.878,7360.001
1797.042,13926.872
2364.685,14855.685
14858.593,11282.941
4030.86,13188.075
15127.166,8367.227
10007.902,710.962
12564.297,11945.199
995.987,5999.515
1758.054,4475.108
7659.619,13577.286
1675.213,9651.453
1434.565,1341.999
12211.655,2140.349
2047.186,14263.191
8549.39,3298.631
14354.658,14731.078
14326.402,1973.104
9715.302,3424.201
10295.182,12120.484
2788.973,2882.342
13621.455,10161.438
12276.792,7883.745
14812.565,443.093
11919.483,7003.119
2950.188,12836.824
12002.194,5866.265
11176.36,14294.348
6722.129,9106.486
15455.974,15408.598
9888.96,2868.751
3966.129,12577.018
2362.46,12716.09
6097.442,7913.38
2319.18,381.344
5255.698,8072.571
12808.229,5296.732
10666.675,13264.251
1802.754,15709.356
14798.842,8706.986
5944.92,14461.358
15630.625,755.833
1995.448,2331.463
6573.408,222.327
10212.338,6021.564
2978.554,11027.342
11365.581,13703.684
10390.071,8068.628
9047.503,2077.454
15088.891,14618.937
161.822,10983.898
6802.705,9395.556
4409.767,3210.682
11038.068,9422.428
3074.959,15271.476
5627.732,10178.503
72.543,9090.846
5424.516,3766.323
1393.548,12562.106
15127.959,13279.138
707.598,11325.574
8350.473,741.962
12629.803,1794.111
5876.657,12617.821
5279.498,14493.588
5898.07,170.868
3865.828,12521.813
5670.552,8356.169
6815.382,6863.546
11591.007,6957.373
11758.207,10120.009
5707.998,1594.247
987.9,3350.32
12278.53,5880.904
9550.298,7266.614
11324.446,15112.845
5507.358,9684.612
1954.505,1727.737
3140.398,4253.478
10399.774,11350.788
607.246,14039.232
4350.314,2470.693
11796.461,5503.617
15992.339,13658.883
15650.288,400.016
8314.823,3119.427
4155.554,9277.387
135.586,472.285
15083.859,1866.389
2845.833,12815.596
14110.073,15688.178
15219.304,5587.093
12064.367,14087.473
2797.675,7467.72
6627.442,11729.931
447.465,7156.187
279.403,1924.468
2406.114,9835.065
6678.171,13918.746
7556.9,12006.621
582.097,6464.812
3265.973,8597.417
11959.524,11446.735
6292.213,13532.363
300.564,14952.95
14407.372,11831.872
14850.575,5522.464
5794.097,11969.054
15771.528,600.733
6100.155,1139.498
7847.84,1761.855
1517.145,12173.212
2782.134,5243.042
6113.295,3741.336
10935.434,9634.469
418.87,5906.227
1630.954,1470.161
7757.555,9183.183
12875.579,11110.898
1420.185,764.695
2219.92,7007.68
7925.422,11295.322
3740.838,3278.449
6768.428,1042.763
13146.664,6377.189
1703.526,12947.895
2452.878,9913.891
12524.303,10994.113
14520.547,15354.3
15545.919,93.997
14230.051,12846.159
7961.667,13224.632
1401.911,1918.618
9715.856,15676.043
14573.787,14861.087
12373.639,4260.039
3732.311,7075.086
8817.38,12858.774
5059.845,6663.267
15965.847,3002.659
10195.651,15977.65
2925.354,15837.789
12366.249,8720.488
11444.609,6920.762
12707.528,13567.311
2586.014,7346.639
14501.612,5624.778
1228.982,6682.011
8433.734,7632.981
7978.383,7073.775
15412.253,8159.066
2828.763,14245.952
13972.769,8084.976
13742.472,15919.531
7498.133,9135.29
4889.609,13222.898
2930.294,12999.815
11420.893,8545.406
9898.932,1727.553
5158.866,2682.469
10383.174,7482.237
6314.742,10739.122
1272.686,2564.268
3447.249,13336.75
9013.738,15241.778
2727.865,1863.796
9438.435,750.943
15688.943,5705.604
15809.414,13301.098
1526.763,11055.701
13457.919,13846.668
12470.146,15029.874
9185.656,2913.601
14568.069,9347.368
3758.065,10557.596
12526.585,5359.875
7009.728,9886.662
7419.535,15843.176
11259.982,1202.047
7863.1,13050.661
291.799,10591.86
5916.472,6437.876
8530.007,11336.268
1719.261,14761.754
15505.342,6517.536
7570.986,12380.491
12602.056,9111.893
10623.796,15771.489
4701.787,11772.719
6550.38,13214.562
469.549,13405.665
9463.284,3972.85
6391.354,14412.723
4083.43,12594.885
418.838,9431.227
5202.748,13543.676
482.322,3236.458
8959.865,4395.028
7883.229,11984.391
13010.5,4123.596
15734.671,4305.523
14661.404,4277.247
15166.755,4617.83
9865.501,7518.974
2673.301,7405.94
960.766,135.023
15842.517,9574.888
2850.035,11143.366
10357.279,15399.557
14372.187,9325.161
7042.849,15756.991
3197.464,6204.435
7931.186,13563.795
9310.541,0.723
6276.412,10618.332
11082.674,14087.123
4244.87,3996.301
6164.089,4007.494
5564.597,10672.614
2686.41,5662.956
4745.718,14591.544
15196.443,3561.121
12332.001,2143.063
4568.988,14844.439
5019.325,10255.236
12374.372,12314.806
10550.065,3771.979
6514.416,1371.869
6621.88,2465.43
2964.599,13803.983
2814.95,15493.793
10777.146,7006.018
15869.845,1729.569
2936.078,1842.913
5922.385,12044.968
1899.356,14065.82
8777.459,6437.794
14445.786,7782.579
2363.033,4954.63
6216.846,6404.713
8194.128,15196.693
1878.247,10989.167
12275.064,13166.938
9362.957,7638.289
8335.757,8409.347
7889.455,8659.514
4921.962,6727.882
3414.25,7794.818
15476.102,9357.479
12171.938,10269.942
10099.447,4687.224
11863.315,11348.158
3425.921,9805.201
11464.581,10699.664
399.648,15049.846
3659.25,8722.566
13893.616,13286.984
12550.114,13216.465
11922.335,7959.204
6365.12,5684.947
4689.863,12160.744
14774.82,13433.432
3883.042,89.071
7369.164,2610.614
8496.846,7988.193
12380.972,15873.425
15642.434,15304.828
11336.832,6451.256
2328.685,6707.318
4412.624,7182.377
12582.147,3352.788
13979.243,7871.588
15209.781,10449.269
13489.092,14582.517
9737.319,13917.035
7851.577,8461.746
10273.549,13880.634
3889.241,6978.449
11363.637,2729.087
3611.354,10500.56
5100.144,7834.173
12245.801,1269.553
4183.071,2477.199
15836.031,6038.653
6809.879,11410.069
2207.133,5215.796
1378.425,8482.195
15011.078,123.114
15646.683,12922.337
5689.553,1074.023
10236.285,8956.236
5769.84,2327.903
1659.959,417.7
14395.75,12548.869
226.262,8343.614
6728.514,13230.977
11953.876,7976.536
9482.924,4019.071
1079.431,14112.564
10218.607,1618.96
5303.324,13006.371
11580.28,6778.772
12776.851,7647.557
15070.959,4196.403
7937.263,8967.537
3532.869,401.207
11883.005,7877.148
7308.315,12405.504
2082.447,11543.927
14870.212,8349.643
1445.62,2453.645
9863.05,6718.304
7440.493,182.583
10523.755,1206.101
10044.038,5924.887
7743.997,6141.399
2450.551,1395.449
9650.539,13881.941
10340.899,1601.145
7863.027,8638.873
10926.057,15198.651
5449.106,6057.0
7944.219,7373.445
2381.512,11088.989
2928.193,13195.624
4940.299,6574.276
8196.059,6038.714
