6535.062476779595,6466.49243577567
7345.190605446265,4146.081381732181
8600.185197066468,2247.95232373816
7115.65268185802,4435.4678415539875
8154.446605092034,3702.6411057729683
6993.533749792802,4711.478687956758
5502.68719866938,3018.6437927010766
9494.138659871132,4926.992625227567
6818.380967939358,3540.0809049235972
7298.035979829016,2971.754882999965
10412.81209455739,3023.3432435552463
10053.636741724971,4121.405207061584
5348.873408702833,1018.0129406811552
9096.375667338669,2379.0929766712716
10632.416330842041,3848.4108424208653
6803.033829810561,2830.645993396048
7834.7707880102935,2214.9699428383387
8003.489216029328,1262.5977574655135
7746.398639256854,3732.5542830331474
8387.024370024994,3304.5283387580002
3547.7570365385964,5449.065832736331
6198.63108500851,6004.595479250709
9421.714676704967,5184.97606744375
7042.147257104956,4182.049715205211
9700.173072519558,5715.224237066337
8347.919835174489,4336.585792197138
7135.773118545843,3231.4398518706216
8606.055671307322,4111.085690486903
7749.3187347931635,4471.970440398846
8345.0221930933,3762.872271950416
7080.69441892499,5305.535279320818
7787.519808836282,3626.278354240388
9807.9401015655,4450.447283234768
9342.418847377494,4659.860024382362
8835.334272539036,3307.0767011713733
9131.778020961261,3435.4525178003196
9624.496864704759,4333.768219553902
5870.905756943059,5380.851527411788
8222.92682469709,3861.067700091915
8519.443595723216,3245.6140449816703
7268.205755717045,6791.77825346893
8970.543973828562,3756.23884381003
10088.119035259835,5716.18108800426
7022.117717457867,3855.07054959954
8023.668190640567,4665.403721346307
7098.464427315097,4166.939013310879
8337.218394021884,4372.893084879028
5206.068553231194,3480.228194065349
7124.859596473102,2195.5393374746354
7376.605132455256,3289.7074211468416
7568.582960989479,3604.9365710511997
8691.81594284122,5697.296674082025
8416.71365580388,4428.612637309409
7987.058410330685,5588.49401584059
8648.435585314213,4364.941545072259
6843.495500255837,2862.968012922789
9650.100644111375,3030.039567229711
8245.487103272077,3498.822228999984
5254.508818371336,3525.4458569794047
6948.943063460267,3820.354193654398
9431.987529234615,5467.723488074524
8796.346297292383,1453.2322059341727
7611.542813686208,3069.396492442352
4600.05585586245,4320.298038300498
7245.945800886791,4021.565860603266
6400.451029633096,5264.1839316564165
5338.901508380709,3972.225787493935
9823.033100865652,3720.381833584241
6386.893084981266,4514.813366264761
6519.770961614762,6043.327119145741
8750.498540579727,5310.118925876868
9937.126541369473,4334.194579480578
7687.549490013015,2379.8266259036923
8589.957369022943,5075.409784000206
7534.960223048372,5782.066764098123
6837.064076613378,5455.380649452137
8231.290202866616,6486.780431137839
8031.404172906744,5493.285547596408
8804.805665693177,4277.517929621504
8142.916257757841,5331.41751427131
7126.466429448182,4221.130521810211
6943.681833086254,3805.789406330362
7143.282200865702,4252.292225712067
6113.2474759667675,5411.483337132565
8713.164863396409,5251.730538144697
8319.650896035633,4505.949474121337
7746.95979491102,4293.478547002769
8928.537715189752,5595.473644101699
6688.540373508722,4132.352093758656
6721.082269519257,2745.556594253577
7037.878357194108,3749.651183022635
7439.445410062128,3263.066541524242
8479.478527773537,4931.710226459258
8383.409857435834,4327.197048218129
10752.217733458467,970.7073346030461
9397.433619863108,2817.6967946384843
6310.89105357233,1027.8683299128356
8092.724566967007,5064.645129007049
7839.765032734346,5485.361176327305
9703.791208999914,2547.0505912976623
8881.794073350546,2742.5211904782227
7572.940688816402,3476.5166982590026
5444.478885862606,4685.500149793876
8697.434689875397,1190.6118008187864
7008.3953087857135,4781.746616595528
7886.542151326179,7275.130814415986
5664.395015564846,4610.674683182447
7699.528415194722,3711.887935848835
8078.288256056085,834.405714291926
8282.741800581682,2155.945541111697
8586.684173911544,4112.886922447746
9040.22375666461,4540.70956624607
10535.057833230505,4950.59182028876
8577.066406105861,2459.935775416104
11583.15596696605,818.4344394588452
7932.872988756126,2523.247402248132
8897.599780579141,5419.715358604903
7212.48537307956,6179.946607083508
8242.08168381397,6008.915754071262
6929.251231215458,4189.31831728773
8044.19956732267,4231.333355127919
7902.633661438428,3092.8852551463433
7506.753087360365,6239.176466669301
4701.299071739222,6242.895126343762
4967.898612630261,4856.746967840541
4889.4098216217535,699.3450884530953
6477.65113075971,4082.214359297247
8226.399238610731,3504.369891307981
8207.818364336943,2232.0155979874476
7608.589317780368,6341.204310410703
7591.375208100827,4780.708771127479
9126.840123419053,1819.7351685694048
7236.941283166456,3401.600740219087
6276.99809837774,4120.947299182499
7099.726706497286,3358.8344890684625
8894.760297000767,4677.446452717895
7296.538962573829,6779.775645661668
5783.278622182777,1758.0594305171753
8085.317310990466,5134.229262674966
7797.636854733529,6569.688716324914
5939.891013854102,4690.249727338618
8222.986895206408,4044.2474635103613
8533.009080391974,3906.757666393837
7407.625824738774,3849.941959801375
8894.456682456712,3653.649298529233
9226.12315313915,4159.506369033373
10913.931632201879,5799.590913174225
6637.069512850683,3694.880508727866
8930.549523461803,6608.72385403995
7458.405668781169,4470.659234948032
7223.81175463943,3639.7413110693083
10529.421083419726,5633.4715464553265
5985.508337892708,5593.170154897713
6390.548910823093,2743.983118030733
6254.660129566398,6632.624539689713
9270.221607634638,3768.3700432814417
8026.998929166125,5073.955398419891
6903.047349489218,3484.08555583674
9951.656082914586,4817.320579766125
7578.4576144650655,1974.0840654199912
9518.91351005159,4357.742968343373
7505.229710147999,4528.383472113136
7477.11592603227,5843.624891618581
8723.736864506305,5619.147889221155
9735.47586500154,2656.561308743165
9168.97948703186,3100.24146694985
7009.935634974703,1524.5416522194614
8615.875103244638,2349.2617677856388
9210.927435209625,3602.120797565302
8486.8438207137,3367.1630406647955
9305.831460692954,3965.119639884029
9914.650205068281,4522.209399006
7356.660267147285,4758.842106183122
7999.180900093087,4262.6262164489435
8018.193450803273,5153.075874230984
8299.09133504349,3584.8639200913094
7017.459180588298,6889.377690462308
9444.386587248311,6256.629524189254
6936.707250796685,3185.4343305696775
8064.711602090343,4608.480221063049
9018.937041432355,4685.737029123697
8487.35187125864,2245.2574523580697
7474.972970640032,6426.6193870270745
7692.672292411274,2178.7652501722405
8036.299367804781,2848.1645824459356
8025.743688675558,6432.026936993298
6332.015644025345,5429.084913351517
8343.607027098838,5633.647466455584
8540.960073630695,3495.128013299101
6249.524621617911,6215.030693936123
7954.061771978529,6461.991324077565
9219.311967126292,2404.8022434214413
5413.614910065697,3451.0932969275977
7301.541374405631,3571.8813131652255
8016.402105566469,4576.332703793506
7840.8356898335705,6453.523511643922
10073.451651095364,3119.6176241885446
9734.275292278735,5998.605954875743
8466.57980339097,3901.5012087131045
10425.133018439577,3742.9313946081
7314.861758124292,4144.448570925358
11164.677092875017,5152.475470833013
6223.391254022941,3298.4904800026047
8823.195054428084,856.0923362556628
11027.686397108942,2927.895985822798
6538.64240310088,4877.110247964231
6952.444233008814,2346.645943403878
5531.350605298963,3922.194999863377
6576.70895947779,4583.110179156929
8845.149328758633,3648.098619509802
10576.57453182627,2785.4286947122064
7600.698795636299,3206.9824185624925
9299.972205420998,3584.760316644722
8465.09929789325,3265.6717910539583
9713.399753021287,2706.294585352842
8506.667727225471,3507.4387895121313
5869.29206887789,4992.968857460454
7386.512936252065,3998.614902166251
7760.48723901484,2419.8825220590115
6221.170372738004,1882.4640897054192
7102.469767432527,5443.0332966412625
7633.627898756077,3794.3930861478707
8115.257504854188,3502.186758102047
6259.023451218645,5329.525077629746
8374.70376263925,2772.950418654116
6259.124349076241,5726.881657506433
7658.477754942709,1931.3278974584118
9343.28865197646,3877.7967095557683
7397.906325373579,6808.165404238129
9077.738370217987,3556.1188937399984
8894.33049457017,2587.174504751116
8687.809462791382,3852.0646497722864
7621.353128518953,3816.7765494626246
7257.811322442412,5870.422296051002
8299.811168808985,6505.260197728094
8066.036073730643,4322.844636039864
5086.172682188957,635.3143428600047
9758.105040025332,4665.2615254909015
5546.123414076322,3216.688455950114
9779.586593311338,2796.7885896461594
6855.038401683315,4729.64328109911
9175.382695019463,5063.430551600321
8414.686591596705,4451.080116173482
9251.773700973099,4046.908268032931
9796.64620777336,3765.2631256820314
9249.735351122623,4235.708455735146
7049.339045755645,1943.1277221582877
9090.32568768763,3795.752605141318
6390.759895014784,3510.7397910341615
6384.456782763186,1547.718029009137
8872.090830236506,4009.7130743601474
8963.016210745634,3478.7455458768254
7737.869339188253,6412.483881498838
6839.311832044877,3850.1106757628004
9544.7171715981,5088.905257356499
8986.71254402554,4526.549631500105
7173.57385723997,5067.240532597925
4995.264608696263,3005.0933788841385
8955.29380396685,3766.4240665449015
10572.491583710818,4749.716720751779
7070.486540156737,2439.9278535579624
11682.740199893113,6045.917591185253
7393.698351803247,4438.773335884255
6789.376570496611,4858.964552995553
7054.104944156811,2673.9447105433924
10207.92203491054,1262.7041706575192
6775.89229585017,3783.998032370307
8154.852736510888,2325.2004503872854
7712.057611747236,3585.3417163451786
6776.498053498601,5051.905654253897
6602.437005437867,5614.885661431927
10768.09549027648,1430.2146329290326
8700.60881686523,3698.862714272407
7058.2933515319,6548.433460999454
8080.134080433071,4131.197702052224
6439.145149705807,6699.50313966743
6942.266813000946,5875.707723870535
6926.381254179139,2854.88346175187
6601.157280022756,2294.9239626071244
8671.796575828363,4002.078362096127
8341.817608441976,1380.398466886903
8242.452966281962,4176.108819798467
6979.149672078913,1893.0177842162416
6983.770825576847,3581.432129768173
6758.510238947138,4222.152615109549
6604.593297883422,4864.502881434549
8903.405457724359,5855.611045248058
7838.303609440854,3562.4977818244365
5972.404674403334,4091.9200545820736
10848.533580626097,3919.4160456294167
9946.739814268738,4289.874073248755
6027.187068726069,4827.457945458827
7272.00556255261,1622.7695545168986
7901.365332996259,1375.4903110053824
7731.337711062307,3005.6265844130376
8289.900684186683,3524.188919238321
6589.121242988625,2700.9815001710003
9430.363877715166,6220.567356090289
6407.99829082527,5429.547559765926
10718.811916280996,3350.350355980379
7726.442301180207,4751.587024476134
8532.716503940626,5106.060257834547
7843.039327614515,2612.743978455159
10329.530415381809,2744.774151863824
7628.972996053738,4653.5345807812555
9530.818883806156,4001.512614757266
6465.341328749886,1097.2126066602282
7385.387840458035,5552.524800818423
7465.261304996309,4736.024292296081
6673.719616774976,3369.6270085488504
8626.032970325767,4859.752806034353
8857.03265397545,3969.1485268756264
9198.228361514253,6101.797369933929
8031.240454436815,4272.1940249424115
8058.767364267889,2360.3961617898563
6983.095039965661,5474.33779919569
7615.6924062419985,2647.296586125397
5773.046054802792,4194.817848700855
7306.31827031988,4988.819425733823
9515.636942533138,4567.97280984933
8047.099898271551,5603.026787197803
5729.465747389626,2524.874728094744
6661.846753296742,3943.9010845180896
8850.704750038043,4210.954937271884
11440.58686334272,6994.45139054961
7180.377209205802,3490.784518130452
8934.784478078185,3635.6399712938905
7378.76483695993,601.3581431426423
10258.775418930494,3580.1100762231113
6345.874791613338,1650.5560491890528
5716.6064017508925,4280.341031823409
6223.119772879838,3694.3652386705307
6509.086380775453,2762.5007647925145
7860.147877134903,3228.5113377438825
5642.083822145644,2684.3391473842485
9729.36279394926,2641.1323038703786
9163.082933305308,2527.411796733816
5442.1153544651015,5512.130654690177
8051.818936713163,3534.792437780822
9618.958745194004,3762.300226895803
9292.046829183928,4338.764574446184
8345.22937734934,2460.011205118596
8720.127734046873,3719.337555179296
4163.738662125095,3574.594086889608
9566.173253501374,2688.9167037868965
10612.84433433864,1210.0167151910332
9442.18172692416,4526.476818085352
8022.843826553168,5606.252694200911
8916.525369593226,2302.5009020964344
8034.399989442526,1884.7386460695475
8585.869145712106,4756.909845527313
7581.07366928432,5001.087088351778
5561.335828315284,6322.18219062006
7178.153930336197,2606.253685163573
7579.1007718871915,4064.911930133008
6347.2350567300355,2603.294184706104
6749.549174897832,4077.5200307883583
7657.574466239398,4949.604753671797
5399.874789411932,2949.75271359348
7637.885686073776,3760.379319559776
8933.815013109488,3947.3605871097257
7653.218869898679,3713.883723285874
9872.661039765107,3762.220225173205
9109.341122062986,3651.0943219983083
8139.934367639821,6816.4422007063295
6841.298715748702,4580.129936234662
6324.8779674090165,4013.6583813374054
6013.439134761769,3802.2814879054513
7300.292253794369,1973.6695927894225
8560.714723265124,7342.495110631002
8895.979641080923,6637.494720973353
6593.33647794446,5574.656142458892
9997.630664389719,1948.758807335495
6670.980353420353,5079.591200235029
10546.405323596759,2785.1281200868652
8229.275032487394,429.24231294336187
6950.864544039341,3534.0383107421376
5588.203621834695,1757.0863379188036
7705.15748399127,3894.2208497322576
8615.63833734505,2654.9535148941623
6701.540226798973,5892.479345278398
6312.197475450576,2583.2040350506186
6303.264117227669,4738.278762692765
8139.766591799568,2336.7362982648838
10130.505555420494,5290.09192926164
9067.16785456059,4011.3919369967075
7633.531422960338,4678.957731958767
9090.130555220963,3692.7960878724493
6934.416274191635,4597.284600110617
8875.942978795962,3634.326407491133
7102.221197691072,4452.869077507493
6598.335738354614,6174.107156576472
10671.971579530356,3471.5351878490674
7865.265616379703,4848.899287330363
9653.372361968808,4252.151178541717
8370.192991434427,1809.6008348944201
8505.273135799716,4317.254040049684
9876.122799988367,4176.266195420349
6797.633798517825,2699.282686328756
6570.2774409485755,3054.8826631475486
8241.218519478763,3618.6768806502746
5299.244457994757,2017.98074481887
7893.860696953398,4928.439863428975
10990.64122987694,4757.894248912226
8014.896582953951,3845.2110049940993
7955.926067649629,5644.713855608213
7590.833793693745,1216.020635092987
9263.942302911468,2116.9655831918644
7676.148894671692,6644.989926236694
10695.42264303022,2437.452606953316
6849.353428276854,3582.2455138407286
7439.294777699908,5132.877501526626
8960.539245260983,4069.1993205025333
9853.666146084068,3437.674471747452
8777.23565449276,4309.315853967853
8705.587327793695,3520.378026373439
6822.683309379039,3614.2080838419793
7598.977231291051,2555.2039165345423
8558.910639559726,1242.1652864779785
6430.830012285975,3960.273902640844
6968.149637632348,2552.660405017827
7146.151271433135,3352.5743839095985
9850.068160736802,2436.0633417504478
4221.35047004409,1954.3306212378861
3422.502235348854,6474.372630511384
7717.1097260236,4424.7746599637485
3838.10277311962,4655.802842052792
9219.52905723254,6233.807234057795
8223.354667248721,6074.695698434913
10843.660111531835,4588.55217792456
6551.301158062756,3937.758556863248
8279.085409480485,2681.3980139538317
9028.917814812188,3277.9629580367937
7372.702879453525,800.818896951765
7340.415348317049,3294.847554556175
7746.530736859431,4954.653934851683
4960.966897085667,3291.9496254790893
8943.361535865413,3531.2687751366097
11927.761263229717,6217.417219199655
5383.905609714851,3637.2071501779083
7664.207937813495,3888.231308960068
7186.983406429725,2871.353892928393
9555.87253296582,5825.205412416867
8295.139526983374,5001.2449602147935
8807.823007620256,4197.870005557006
5451.1028635821385,4534.528518339405
9186.669014795565,2899.316105132552
8934.732646336972,4296.639086123082
7018.474402816244,2922.6312808779026
6331.916522097874,5540.060486067429
6963.879541548318,3023.2867060461513
7260.480661626801,5056.673722821786
7398.6526091889955,4624.916039120567
7901.353730075687,4845.608627977884
8434.044536721207,3552.317255409865
5281.292040175305,6541.679347194669
8041.7335107373765,2966.7154327222297
8944.151931023642,4459.37736388307
9433.703718144647,3997.902099016951
9022.263926064277,4482.266490800104
8398.838718858702,4718.184821625674
7564.243153978434,3280.4135058408633
7624.596369946822,4956.699797786901
9927.023651425308,3394.7715514356732
9220.769891584554,2731.756581344821
7696.458560364064,4947.683342183878
8098.064053298853,2064.5333736609628
9662.230594100662,1569.7939180374997
9572.23073901448,4408.646295641732
7617.68739764543,958.8325178357195
7831.442603265948,7553.99468530446
7342.925096236962,3406.8149076105133
5148.709341897154,2408.051306036269
7720.253727441465,3473.171548517844
7673.873329637019,3195.9310137659463
9259.083108869709,5368.471094248097
9004.817436077552,2263.851672060786
6529.656648355521,7436.356071774086
5359.617344631457,5290.7059171883175
6623.977586754174,4628.709696931415
8422.345425514497,1826.087846089476
9077.00467707865,2566.8985163838597
7818.707690085515,4114.727880992655
6841.569572590492,3111.5252508839794
8885.064061682026,4216.214174480324
4764.45619618271,4692.237540686427
6792.382598016566,3294.312665943866
7773.300784950427,5027.640272901299
8457.249776594532,3966.8699519873326
9974.240394062172,47.017836271551005
6560.956703380894,4919.5781258174975
7943.7894193510765,2429.7549763461006
8229.397845122927,3286.3887153647456
5742.187901077321,1772.4486436354696
6116.84613754672,7180.218462346791
5132.2731210780275,7338.175606296307
9097.411759026965,5669.146809358035
9509.414129454397,5379.148367779919
5451.705310058587,3099.017407024243
6153.606308465016,6003.6607576256365
6333.856620702976,6565.233417569416
7533.475667326564,2843.1297795983837
7391.407960916753,5669.858242626727
7817.633489589316,4653.205823413327
7131.105525581733,4728.309381915078
9068.761769100034,4186.351239203785
8710.126454895057,3495.0622474575453
8362.254242609364,6429.553655801462
9209.271501053889,4494.595341116269
9187.242358356121,2688.383273979621
8360.6960935978,5613.335881266873
6124.3191174568765,1919.5387789818155
9487.672193353766,4012.9346920567305
6509.289167534829,3385.879618146656
8252.272265023801,6346.59465161066
7819.536871507661,1987.6007572965611
8065.863859727452,4906.631196443953
6594.425922325894,2923.3298575201243
3378.114603184728,13765.683828189272
4350.476722340834,11974.13010580783
5154.686808825217,14720.457025971744
4272.2215764844705,14877.62143254755
3211.730116341916,15102.663989814475
4565.190320197123,15946.0
1358.111494213978,15248.440800533717
4127.642335694716,15655.0
2674.98405992552,12870.787604023091
5892.341191547761,12604.662977719043
7166.684779036617,13891.76356531825
1134.022042876098,15734.0
3668.7520485812297,14288.69814917534
3371.387396175757,13725.402756659312
6074.265001578366,12852.470586087926
3616.686746949001,15130.967291788149
3122.1144350981367,13019.926305489733
3343.7162812220486,13856.208969720241
4105.778350666884,11096.66988018738
6245.649215221994,15820.741915626339
2576.270926218812,11836.7353981349
5600.812602833361,14493.463038302849
4007.978649464489,12670.995884776265
3188.839776739651,15501.479486340799
5298.43085095904,14419.870847212043
3449.0983097810567,13510.652100662499
2361.205751323855,15172.379208768423
4328.420951043888,14127.462288595974
4181.772585503719,12135.119392486406
3541.5373551661637,11967.325633131015
4017.761168667118,15217.890376430063
7395.572818545505,13360.744033679033
2898.7246545210933,14213.773696163591
5084.234609780911,14410.450348539127
6302.061152443161,14986.26965279299
2399.252125322079,14694.78799007213
417.62436819048526,15601.0
6432.526752229174,13515.787043791332
1001.0334870001916,11987.131121045599
902.0657279176153,15605.0
4885.618111271342,12934.283478933648
3655.841993619677,12179.07816327006
2630.711248495218,13197.439457619244
3377.3493748416754,14108.195191102754
2742.018307867549,15429.89403882834
4275.292735311564,15799.0
5848.6639550428745,13889.280143255146
6138.442983372731,11262.93433778409
2977.8875530981713,15969.0
4174.743163651808,13494.55437539116
2838.539942057513,15315.887665023783
2662.235006710147,15210.388871468074
4228.9078621185945,14883.248128325085
6258.761864879546,14257.550079404284
3440.124100521518,12289.08481669876
2258.487696706119,12222.53798768111
2459.5390995685234,14460.163610960113
6575.773028732365,13597.770424008562
2785.9089870047155,13921.344960746426
4681.563397518814,14977.92498031736
4402.778617556097,11617.610565898247
4690.049467135732,13765.63651795792
3443.111721308532,12337.784290224197
4596.0782756268945,12474.034558291847
5279.488825063892,14601.276968513172
6672.580335462925,12958.062327478901
5080.442298693677,13455.411531380842
4813.009821982351,15643.379168557407
1233.1269345464534,14157.965499911863
5158.123830722368,13222.697948700627
4164.03938314916,14532.983982106829
2142.3141788191933,13317.850054979786
2423.7892515574686,15820.0
4409.6224866425455,15201.46412615049
3959.4639678581757,14700.662405946148
5823.045009784404,12944.57251879856
5292.24459592209,15831.517225860718
1586.9072746243755,10874.389823339676
4354.437671064358,15504.751623073978
4382.387934389844,15884.0
4501.906126388602,14946.591036645226
5805.681355445222,14581.719064097373
6989.14663949374,15748.0
3851.8078649381077,15574.0
4121.631486994105,13902.555834601291
4905.1500482873735,15273.251551055739
7567.601230636708,12907.932891705193
5380.754239693641,12622.40411790287
2841.3938382815813,14769.59309674154
3066.4816862544453,15682.670086906826
4818.760378543272,15571.0
2158.8273499971247,12323.562294502166
2819.8907265582543,14021.115111904268
5741.244348358192,14790.765131704638
3430.711641091157,14549.37982829568
3567.3648101246645,15642.572459991396
4063.5208571565067,15734.0
2108.2893847647047,13531.450288232892
1739.5091906040657,13680.842056334515
5986.414005910794,15620.061932553284
4476.256983822769,13772.007429616757
3219.656368671799,11790.050923251612
4895.414540320339,15632.0
7257.805423426231,15380.46464315573
6382.663075539773,11547.741909398452
3992.3640719701066,14595.983093055302
5406.869205173547,13941.784670096908
4965.0921765816665,15882.0
4702.5457997935755,13758.249421875162
6525.949259941517,13647.317327090237
3809.216233111754,15111.2304917557
5630.489803242684,13006.025099715815
3130.852108350984,15398.661792168119
2815.2920291685914,15003.966311408663
4496.17510168803,13553.620430175368
4240.512292465188,13088.333384202679
1894.557332755323,13928.381070017647
4211.852371500193,12853.132983017244
1770.810812091148,14859.66688699942
6668.715260593243,13599.040967760593
2728.374154229935,13742.484397692331
5504.406202600172,15300.812987758063
3585.083037612257,11820.807646915979
6895.640782167127,15985.0
5322.195271883516,14384.03849679096
2357.08050000627,13659.858824975125
2729.455865215506,11711.7900336329
3379.389812823788,14094.143440285185
4058.7149110906107,14569.006790891699
3730.7510401129207,15028.70022707035
3900.323849436553,15279.245759763488
7194.322996815841,14897.746411808872
3121.1039914599896,12983.397254697653
3727.0805270876854,15947.992476551024
2878.745923158165,12767.061279228717
3379.7541716464552,15512.047579764776
2067.020761180058,15882.0
4248.824314542165,14997.153395778989
2260.056208213603,11248.000502506955
14793.813621625508,13173.232713715443
14107.877737333432,14523.675643779854
11863.911034426052,15158.788519543403
13880.343365311928,15570.266049025991
11517.744487302278,11474.610640443358
13896.08582808373,12092.586881820593
13317.829532075531,11911.641167320424
11835.226005758217,11914.803240950981
11078.79355977886,15875.568210046462
11850.412794567215,13765.411540435281
14309.554403863105,12657.805214380893
13908.84369067264,12259.434883961789
11929.620458052814,15545.147406731068
12687.218779769722,10002.248388586106
12059.572167561988,14632.54605830275
11856.101034633593,15902.0
10390.772864960862,12354.680141058976
12312.225662276765,13728.242255562911
15840.422078620026,11529.51550165939
12692.09111372038,15619.0
12709.862061636599,13604.954752460464
11477.427090548143,12457.817579776505
13352.313489695794,13978.189356029032
15729.163086980336,12511.458469614972
11608.61378526277,14717.450566930762
13497.67223937132,15369.4655880983
11120.633516650847,14313.195853807372
13719.283724780178,12467.063576050748
11847.336543759571,15845.991496667742
15998.0,15104.493668639152
13038.511340432704,12377.159681365425
15042.414618753102,12202.431799769867
12983.549959707529,14069.123125918155
15019.759154416246,13740.590414221137
15710.860196809866,13722.005057695722
13470.91138233886,13777.62330937324
12422.176033229336,15830.49955043671
11744.749624117892,12428.55788784032
15959.0,12238.908134417044
15554.484273164982,15756.29845986832
14234.688735387243,13588.071510527501
15962.0,12524.635143655674
13022.116888602113,13883.58753283414
15887.0,13635.414324780548
12029.196349042191,13691.477721597776
12600.066942865928,14064.59550238755
12319.292221419932,13599.98889449096
13249.143516070524,14607.912765036297
15602.0,15156.439057237396
10437.579033153606,15583.0
14067.83146402734,15396.518558269167
14258.985883663201,12657.472156652284
13794.500080469326,14791.192885233875
15744.0,15520.283273716503
12781.744612972414,13710.217731865712
15297.329792707582,12757.262224575075
14337.42590572543,12873.855556287177
15020.987972726069,13495.146485671947
14828.649076667158,14309.698635790417
12077.50211865571,14787.502693010116
11171.91916581005,11090.872274176678
13420.81621995218,13821.04127771598
12233.428416119054,14871.886228700998
12529.940154809992,13223.933037919782
13463.563996326173,12763.798250351767
15867.0,14030.430763641702
13380.922975339434,12644.569690828768
10321.672587030274,14163.942864864022
13094.717739294405,13041.726793492731
11931.141172139196,13842.031929705088
10715.258113219092,14388.779936725341
12742.568892524429,13261.362458372469
14689.063910773022,13688.967282635267
12743.753094361315,14319.69148593787
14510.12535049885,12868.19231376538
10333.622201301136,11742.579778611711
10561.2635578075,14879.066974052621
11339.165106045966,14447.453032055248
15047.877618297363,13527.603728442326
13409.152464970968,12244.736120417927
12252.304124161292,14820.904261838825
12499.384615160612,14346.450318856101
9540.122554725789,14225.256799346846
13769.415280961553,13549.481651423996
13793.002888813171,13458.112477221015
12299.65243736146,13376.117419510525
11230.309277427861,11402.398127149578
11744.152577463936,14278.675182358913
12294.623498878324,15562.282795522617
13481.77974238319,15049.627086170734
15618.194653561248,14893.114755885144
13693.843606648203,10925.484042212534
11872.765659222034,15735.0
14682.169303173916,15311.572915579587
13638.017872433149,14735.001655704731
12730.603533420215,13393.877667962288
13723.973956836438,12366.980483815867
14081.589233627086,13304.856914591423
12177.631323013587,14394.470059234294
13098.49089268897,14504.058888202342
13092.145929695136,15413.961411899207
10672.74528732945,13115.383865283136
14972.595304374267,12477.466545480633
11709.116306806995,14626.717711736648
11332.9428700839,15350.224013379124
12613.942905050415,15418.278926400173
11872.819197346167,13793.03977339505
13312.670293477582,12593.138623595436
12118.880069149809,15774.729884921286
12145.822789799788,14292.652286896664
12819.294994633214,15913.0
12224.828354958398,14974.863285265492
14728.101788485299,14004.295745606047
13035.715498721735,15178.285770064365
14658.683154505616,14343.600331150821
12926.968675499484,13036.41406059733
14411.66449802619,15849.629957802734
13345.819135867017,13002.81311584936
12497.26568226638,14475.317217268954
13975.861663406902,11827.295411789586
12724.787572093304,14196.546378938581
12300.950039829018,12932.544008957493
12318.442846934036,15127.862811717356
14343.699873472233,15964.053556201317
13558.925922732968,14364.964858270305
11314.263323420095,13335.352137141925
12888.215795993416,15708.0
13588.521186064836,13920.016689282862
13085.309632905703,15058.497651223171
12052.930840146317,15751.944262732355
12543.638108502078,15011.968397235005
12368.705257749154,13782.72034983783
14121.36585361038,13133.313586392253
11677.841744418925,13822.228415787013
12005.450674097816,15990.0
11339.391848676842,12929.248152394104
10292.89637423993,14762.823503127813
15584.0,15835.823848220973
14409.663887053206,15949.0
12888.928286785705,13670.438020453263
11365.140515946672,15682.0
11752.98813718963,12750.079180086703
13483.624726795215,13508.443241387618
