8825.731,12200.788
10181.936,11909.665
14860.301,3253.597
14071.24,9598.163
17009.705,17949.43
10375.359,7241.324
689.071,10670.632
11182.47,1006.736
17942.369,18141.127
13953.27,11967.233
18075.609,7184.526
13295.239,8368.112
11322.705,12368.767
6322.766,17173.568
18502.261,5610.662
4919.875,18362.437
16884.179,515.776
6928.727,4861.097
15211.109,16887.791
4862.825,11199.631
1173.1,15935.239
3564.141,2115.286
16240.662,4323.227
2172.538,7280.422
6902.985,17289.491
13720.297,7290.643
17942.448,5826.007
5047.541,7088.098
8916.192,17359.759
17287.75,9261.362
17929.215,9734.618
86.056,10022.027
13328.454,17041.569
9399.613,16783.833
3270.597,2205.225
12434.608,10159.198
13655.442,14606.474
4863.19,7688.647
11757.688,3926.427
12004.802,15091.878
8624.554,6499.294
6053.203,16585.2
6230.777,4189.792
5679.925,4589.038
8717.079,3246.74
8537.44,6617.22
10564.292,4710.5
14530.547,11028.521
16005.118,18838.36
13488.165,9971.917
17939.881,13191.964
8041.625,11090.118
16302.473,153.319
36.031,1615.782
15714.002,14461.948
18582.187,775.757
11283.348,3746.714
16511.456,7223.188
6959.857,10533.507
8966.211,9913.885
6878.361,98.101
18011.197,15668.451
2037.8,10314.79
541.432,3084.332
13072.809,18757.487
17932.125,6261.34
6725.009,3259.422
10124.434,13989.676
15141.76,774.482
17491.687,4210.429
2014.316,4380.032
4214.973,10779.262
9612.044,16753.336
3715.936,11300.278
10344.292,7486.998
18520.568,12423.232
4038.367,11088.275
16188.892,4203.256
3608.98,6773.756
6136.08,467.036
11514.021,7868.534
9053.213,18163.684
8088.562,15719.322
7360.469,18578.643
586.926,16885.151
1854.003,2000.371
7658.782,4423.98
11975.737,12895.898
15902.636,17424.7
10214.436,11304.807
9277.139,8980.925
15324.564,17839.265
9785.815,17474.568
6796.076,1827.633
14636.45,18584.136
7967.392,18670.925
18285.764,14726.007
9366.544,4683.508
7671.076,14488.74
1817.583,7810.908
9601.349,5827.484
9056.283,10207.276
16590.496,18996.623
17697.918,11473.007
6761.682,8810.186
1433.407,6129.142
9637.667,18005.978
33.656,5577.422
12420.273,4157.849
12021.95,12455.555
15839.657,5504.13
6647.076,13275.912
16935.851,8149.255
5370.312,15393.134
14449.618,18222.393
10493.255,11656.727
5487.993,18992.054
6567.886,13351.937
7372.267,13236.606
7012.266,427.864
14711.786,1816.144
16217.186,10810.51
1438.932,12632.953
5141.4,5801.841
285.887,785.087
3401.06,16050.056
15643.943,7307.541
2971.218,10392.339
18033.538,4646.62
16828.775,5048.318
3367.169,5267.076
4307.257,1312.676
1764.923,9458.632
390.432,18313.579
13138.403,10655.366
7381.916,16449.059
682.321,14972.013
12006.682,1751.403
15702.145,15646.559
13961.966,11371.27
10753.402,18804.192
16580.619,7712.074
627.586,16177.343
9903.763,18162.108
630.4,17763.699
11510.607,17194.843
15975.47,1692.248
17051.875,1129.877
18214.838,3553.553
14022.48,4136.855
6245.106,2735.533
5935.719,13361.764
18021.834,2823.16
2397.967,5603.176
6474.397,17202.772
7820.529,171.724
16548.142,5146.604
341.706,8753.647
16313.764,699.613
18358.157,9743.525
13468.128,15113.45
8553.7,8134.083
18580.235,16031.058
5836.617,688.483
16252.172,12176.534
17161.627,3693.375
15012.799,5728.108
7465.286,5224.103
12223.744,7681.96
18583.037,12524.017
8580.028,18323.957
6488.094,3759.072
2297.637,4446.295
17370.804,3640.213
4508.189,7851.995
6368.489,4594.275
18168.722,3959.666
2012.749,13717.61
12532.064,11311.017
10141.975,4688.593
15263.101,11281.404
18650.112,11133.66
9768.534,5156.667
1391.388,9869.121
13134.66,4935.554
17825.247,13406.579
12788.203,2069.037
8378.472,4414.835
10562.563,16234.713
3160.346,4478.106
1943.256,10422.458
732.467,16098.883
15034.924,17696.696
10864.655,16639.783
2834.559,12253.805
14746.863,8957.055
12832.948,17848.006
17727.286,17000.172
18363.082,7454.838
13730.641,2215.824
15718.127,1914.604
8715.315,16909.873
14306.626,6483.281
2854.156,17924.539
15097.238,12873.054
14088.89,4240.931
8082.591,4087.041
3396.619,5015.019
17644.499,7923.714
15294.225,8413.048
14880.09,121.888
17259.088,8757.246
14508.205,18312.161
13172.733,5530.317
11600.522,3519.476
12904.66,7971.697
6475.199,2123.128
4183.239,3833.479
16667.212,10783.242
16591.235,7388.585
14057.048,920.519
16059.491,638.385
13646.305,1539.665
15576.295,11794.875
13665.345,6220.116
14407.61,9366.996
5027.942,12855.751
2931.219,801.151
17674.135,17128.681
10477.533,10192.073
13755.551,7747.807
8815.611,13300.428
11845.264,3184.844
10335.922,245.441
4897.976,16684.455
11174.536,7277.035
10638.381,4480.103
220.145,5690.596
9633.65,543.651
17046.602,8289.733
8681.681,11651.107
6225.877,15272.929
7934.873,1328.619
5311.589,17384.562
17251.798,7238.374
511.365,223.764
18864.205,18654.665
15369.626,12585.867
4912.463,10616.487
18100.362,18394.909
16897.012,2258.934
9521.137,15866.428
7232.867,16924.58
1955.04,9028.671
17261.538,13773.686
12229.923,11617.707
12471.077,9481.502
902.619,12236.513
12391.61,18509.459
14017.682,11981.861
18267.443,9601.198
5075.446,2782.972
13873.277,11639.592
218.127,5926.319
3211.74,5248.43
14797.994,59.017
10058.74,12302.792
12030.453,6278.177
13041.841,246.75
18575.506,12862.379
15527.939,14828.174
2189.732,7909.303
17687.556,18703.922
4017.439,707.505
15698.692,5589.133
14117.855,15420.16
2550.146,14168.86
8640.668,12441.579
11434.429,1789.802
14044.857,3068.02
9351.228,14565.657
10916.486,4486.189
15232.735,11387.954
12917.498,8460.151
13009.875,7447.124
15529.738,11426.844
12315.044,10339.197
7659.449,5484.08
6345.064,14010.875
12781.52,109.227
11253.027,5180.975
7881.483,3947.666
7534.57,13542.083
14705.896,15826.301
10549.885,16466.083
6117.524,6434.737
18492.45,2480.751
8132.861,3403.536
522.275,4747.342
14072.839,14760.699
