3769.418531530744,18824.46910592197
3201.026697381175,18134.811402864816
4411.408317739039,18140.361987607655
4861.336243738991,20360.550934894796
5230.897270487349,16986.95017650057
8908.612755103324,19380.858913420194
5491.276495761566,21056.398730495075
5651.631544511902,17462.967917669954
7432.548108338519,19762.027984919212
3303.852358608639,19994.427586279387
6792.981541321427,18935.2856908056
4227.101888938392,19227.569436541013
6905.064496268937,16610.918835631885
2864.689701466235,18896.68465025094
4771.740259627867,18914.77526211951
5412.220304680631,15256.432141027008
4682.621532905051,17385.726276487465
6211.825860866075,18252.855215043044
4692.77123754126,18558.3415178842
4877.447126746242,19045.193131884163
4509.644667451433,19553.570982700683
5421.469998322609,19059.274473223028
6317.886571909876,19262.49297364993
4918.6700330361155,18764.63480926824
4604.080981622019,18651.149764514976
4078.7685979756507,20235.610016927334
5800.7626827116255,20169.814998932285
6338.460470224733,19871.740144928583
5591.589123458139,18690.788130199122
4607.845134626891,19115.43440301707
4676.556065270739,20537.097503438108
3322.6070525354808,17095.202677494883
4302.549338475063,20983.871864221688
4805.233744884116,17869.41937315869
5251.484485931859,17145.840554989292
3891.3883314365485,20578.55854390928
5265.962759949011,17450.21223653952
4555.556987866876,20358.614972095118
4870.360588377847,20588.416421004844
2969.9718800423034,19524.277141007067
5528.055130644489,17926.261698328097
3674.330650310171,18436.416008401662
4990.037015831107,20040.97946135779
3685.0386174013083,16207.554293002635
5476.077124391556,18981.226800570737
5356.698443579547,18655.751626921294
292.35043321499325,19806.729864995832
3817.351026826062,19197.69400320791
6888.85762235738,19754.896154578564
5822.887642451911,21139.798622871112
5855.952305932719,17350.319738257716
5227.0087624021235,19638.24443537703
5566.355893808208,18277.487492382195
5782.951320424095,20646.511864969274
5178.229089272754,18893.926386078194
6453.65399527625,19492.51420549586
7070.893995607361,18209.17972952543
3263.6727384167802,17887.579917190218
4489.262687478463,22448.17127476962
3936.9699642294654,17859.631578151835
5737.613456269685,21477.13356136445
4858.409685894268,19273.68757143625
5457.023521644088,19349.67198062883
6440.222722708832,15615.296247109834
4497.972539687162,21867.625004502494
4198.565242821843,19210.049018702346
4380.612388104396,19637.683316918967
7284.603623713054,18960.45614818859
6934.901867024343,21771.576995475836
5767.036895406733,19530.60153288795
4502.83623470329,20713.492694120057
7504.146057273815,18448.080738793276
5141.620864400759,20715.31011676465
5728.519874592356,19174.219436239022
6062.074312624737,19191.351869561673
5753.805453629315,18199.006058118946
5868.928971500576,18733.690798049884
5377.565723558767,16494.414454245674
3822.0520829016104,21201.474286103527
3713.539224014653,20706.433709559187
5241.572146545391,19186.621697552055
5818.518311155487,17786.689419185856
5283.08415850272,19547.706164576928
4735.680211234554,17194.6132303028
4136.635230704125,20064.064697998627
3015.080689389286,18392.708089378542
4853.540306665035,18568.156102520537
4481.497071879192,17520.640405957307
7818.610832192575,20299.169838293634
4731.94083449432,20048.138930578323
3773.9958622091153,17367.736929744537
5216.641603976966,20804.921695144745
5118.970224025658,18670.01642608802
4006.393410873836,17621.829052516103
3990.7368534773495,21302.03339944112
4284.737734930579,21592.785609185077
3847.637937022594,17794.484894155565
3327.044039548411,17958.826750359596
4912.439845749606,18767.397976753477
3958.6274506647005,18529.410661823193
2695.439555646791,18136.03329358019
5845.0877165770835,19351.69079817955
3186.1801859612196,20397.89009590301
5437.20723426604,19209.25105254346
7486.687851564584,18644.49311937148
5021.6161966161335,20618.093412852282
5244.987372676286,19149.602437937145
5744.011800310033,20550.092894330686
6194.575184775333,19002.084141466497
7032.883532230666,19131.577383603493
4850.01723369326,20955.763994256948
2359.95665286518,20043.188996243665
5070.987581739555,19340.991898416338
4624.3375506641005,19633.379965627475
1048.1460951862373,19467.24953998372
4405.974503685259,19740.439395624122
4988.872519401067,21026.723450134436
4462.784533960014,17676.78808759798
3928.1053864975083,18900.51664131335
6296.625662624865,18283.742874484746
4638.760495683272,18354.75112725979
3347.269954890584,18076.260187314256
4731.6296436422435,17296.42503981379
1782.1943585326667,15997.810755112263
5556.492601443572,17509.595006521282
2029.4096446018348,19962.281102933863
2851.0113800946865,19215.53905339983
5863.363254028478,18854.69815894871
3550.847566004307,17678.78491544586
9011.651264657437,19311.463262531546
5037.875951966566,19248.802493658262
6529.690025790892,17131.459491299735
5016.366269558461,18126.109658854773
5386.1873976285615,18904.691820771026
4757.919026093994,20619.325850924997
5080.501579469799,18856.016554130147
5431.519062228108,18751.83362334751
4764.552016070935,15523.21502771358
4109.211499609781,18838.526020582318
5756.316487605349,18592.092795409924
2878.329660404458,16749.635113955203
5201.525980179252,15328.949532723684
4385.615440062993,19179.911284876358
4689.437116684363,19437.279386201684
5492.305008709305,17983.5359809782
4797.880085383804,16431.466477444417
7389.424637461545,17908.70425836007
3303.143978379785,20478.742553843982
4601.774260702833,19584.72984972022
4583.725561027283,19842.73863743938
2896.059417495611,21711.5808111368
5385.681660356271,18322.889134555116
5350.017378543998,20123.485853832804
4470.6494226824,19257.728802820657
5979.883813612692,17559.6912639068
7199.711760563704,17234.929646683206
5611.792666515502,16914.064513670186
6094.37192383939,17869.674140733827
6877.187005990937,21252.661776638626
6826.534937123995,19095.579467593696
4274.273138948898,19122.23157468359
4349.284628279719,17993.4171606938
6360.786414894555,18264.720961587394
4228.739242510317,20051.123555122875
5623.862220157911,19921.084976332313
2746.3482056210955,15784.217344131095
7349.573501761507,17458.97851391801
4676.2129028159,17944.953037752064
4733.599488025848,21847.741130294824
5400.034305315184,20677.234266385476
4228.711837817833,18637.47290520077
4960.006768902741,18659.43628793137
2939.8338348192183,19608.23914113315
6200.31781595025,17781.727046380227
3087.635454113445,20410.369863903627
2910.5072031853733,17539.110627990736
4694.188808626933,20594.856096082476
5825.294191575281,17668.676331105937
5275.580987022495,20180.820195379114
3918.0816689817093,17328.221176317686
2138.657670935623,19586.019066200777
4306.688392531398,20070.89609033269
6032.600303248715,18423.0821125197
4284.959677647852,19021.24656828494
4910.825078338979,18560.334113893663
7031.778212533714,18199.139850319552
14745.708548756606,11619.732662207432
15171.028345272405,16069.709707666298
12829.85052713638,13707.982402006135
10624.405331324579,12118.470803301096
12969.021252633498,12422.488035302877
14134.402221956661,9551.70264049446
12779.726834807578,14798.021918497987
15400.499696558278,12581.986651390904
12015.651235686602,12312.161512809213
13499.985805935827,13271.48198443215
9972.001670271555,10675.897056773518
12670.853622297083,14731.32714964814
12562.956651630611,13334.569783597342
11441.682612737304,12786.28558236274
12795.48011379066,13752.079277759984
12743.819934899933,11869.052847352617
11514.2958989127,8569.452586401549
13711.862150265797,12829.747133339477
12964.081483088254,12078.053648535437
13087.318845303778,13017.971143475981
13251.966196850652,13675.749519415122
14584.001863478625,11108.256646106911
15035.653367903582,13192.422762430164
12146.86461433054,14446.951924658004
12049.211915589547,12721.486296675854
13349.074113460321,11446.077179861024
12590.711935651496,12076.628516601359
15408.125407938725,13210.536866515575
15765.583613752211,10808.938742394526
13302.842853874241,10551.634964506946
12420.273117869803,12762.503291928886
14458.60215482748,11453.771948860202
11990.009380582782,10511.869584669279
11529.350625043577,12320.033922274553
13262.451713701577,14609.902502324952
13670.585627003957,10074.933682877783
12399.210908306892,12022.453338920457
12221.087972918465,12020.233957438091
11894.66920035205,11670.36409828875
13911.66002484856,12471.695160994868
13899.057760165406,14533.125921275492
13683.34661597852,10659.474102936076
12703.019293169114,11994.125160583502
9249.809252876832,10984.285639574842
14443.49936508974,11878.290112550796
11275.466514335014,13278.561795336516
12143.581519260479,13004.986025387005
11115.108777944602,10958.1283430675
14273.788301824578,11419.317385526278
12714.453414454196,13024.912227324336
11532.43470128919,15409.479721704052
12607.66925782499,11870.311045270715
12376.710430071862,9354.985696979442
12180.82317634121,14903.907512162486
10777.730147294771,11535.90666579279
11612.632538829246,12310.211773224732
11321.481021041642,10974.40003579905
13972.585381136696,11481.377469035431
11777.681128795413,11945.14334512027
12862.049330153925,11015.321859480277
11826.097346967093,13002.106990451222
12616.361874629461,12399.569083143106
12075.17186760329,13205.91761960326
13902.739299051711,12183.075745583588
11777.452901014423,14107.511157608398
12482.737928159362,12675.631113297153
12831.4975425166,11112.669920167427
13837.876897948907,13127.390955630963
14474.683440493718,11746.727706510044
11877.872511677215,10032.937922572146
11838.778354011736,13246.843513331443
13783.339364927831,12162.188535387699
18877.975508765358,17446.595151721707
18525.896623551755,20850.110246853368
20467.89679454073,16502.17266412208
21772.509620175904,17631.153111398082
21110.843103638952,16912.58282359914
20445.117276148005,19641.903628406322
21688.623985437254,19342.71708672118
19869.659004188426,17878.12403328959
22089.50826148567,20636.64393664045
20558.318239139346,19241.44192990821
23984.167181427056,20591.609246653872
19625.516932026883,18183.27720061374
19996.225489746543,20047.06085503653
20624.332451651066,18922.60458115424
21277.65004943171,16739.483643965326
20921.638278553077,18528.548722853135
18789.05394367343,16381.449558265784
22231.961397345847,18785.443907376106
19737.548552040844,18464.918384628287
20365.634304967236,21530.476448490266
21224.96722487132,18776.478129664752
17177.271422003872,19473.534564220998
19500.98717326177,18408.721290641053
22717.368180288602,20307.170281244802
20089.25272737911,19852.594269936275
19028.863067787137,20933.352918233762
19458.359466761958,17432.342140130284
17298.182126258933,20973.843986313295
20649.911060415394,20505.301816915537
19485.651763407826,17945.913712209724
20067.814900295383,20306.014372627054
18990.955292316256,18090.633846819437
20338.08888478389,18051.30817916333
21856.481773129744,18969.545639238182
19613.947211510054,18797.089435905225
17510.630719896133,18489.84208981943
20234.903722884308,18992.1355019178
18565.78316989913,19054.384736315587
20959.67287056449,19794.586616474055
22559.481819684355,18356.890593077762
20055.27869219073,19350.20301030842
21225.075684868963,16497.553086544784
