20829.290559336434,4627.1787004821
19455.45192315196,5604.88477771865
19962.41903982858,4084.735872034959
22305.54052151586,4664.141715700481
21797.374522019763,5453.771426960963
22300.007123611114,3024.7929175404684
22512.729515219,5465.673230394042
19293.130454388862,6059.771095316415
20102.477733909724,4954.769451285524
18813.101160211554,2701.3374603366638
20250.522629325602,5773.858639906108
20529.622877112477,4338.004490999891
18699.168595032177,4325.198276375145
20214.638305429206,3629.143577226265
19626.28188943893,6536.697671663011
23190.04026335858,3944.4803623625426
23260.516091189053,6437.479387452974
20433.54952484443,5273.772244923581
19648.76033498811,4043.155886504521
22370.796678122766,4873.236002275101
18399.128265422813,6448.767243912282
20419.014801003264,3473.881495604329
21227.813774894883,6111.782725534278
20486.425909701615,6537.361153901133
22248.243598654717,5157.542923759898
21110.685123365634,3505.0709071844285
19534.420010322534,4084.009811505159
17689.629362627602,3609.622446304935
18243.54118424437,5906.334813166588
19292.029417447822,5179.193046567921
20271.836688615986,5272.817757616879
19519.028996807552,3861.910066327231
21357.041270453934,4064.0097577223155
18883.52706856581,3268.9975906113555
20258.126097245542,6375.8055529874055
20830.325639351373,5676.213208654049
20341.427518134467,5542.287490565499
21341.248336208348,4643.643405177279
19896.60656647228,3619.2098311875793
20837.02298674798,3868.606671197677
22491.746533983995,5975.608180734093
18945.57892126057,4879.015597580973
19267.244339005778,4253.006749855287
22487.728584299544,4724.940642401912
21534.124600882955,3362.4410054721457
20483.209068035532,4257.462795020912
21380.22656990443,4667.799427139141
21346.31399640043,6580.475795035274
19205.338795429605,4042.2247309231625
18897.518039163668,4843.812798053291
21325.889588666432,2817.0583481075328
18060.201031401168,5020.814716537864
19661.448853680966,5711.492677951368
21433.75022030109,4016.163464536986
16300.624067708864,5220.196433270921
21042.676399621985,5612.98921227008
20929.74097985215,4336.782717112554
19346.59022033262,3776.11210289602
17753.286902108415,5162.43067959841
20191.81136804211,4924.22739933895
18813.310723480332,6194.154938908581
21804.290235716617,5821.274782006505
21134.718540335125,2074.945562504127
19117.159548865795,3270.9102216581264
20086.913570702734,2572.0196087922477
18160.823192358253,7156.701468073796
21127.90058459629,4513.441298316876
16057.912379936308,4718.442151507942
22053.842702906608,4723.2597209422165
22157.724237847528,2189.164057137311
18279.521586312472,4946.6814674959405
21142.109796171655,2847.4270342691043
22201.898858545905,4559.201564936698
23309.294733591123,6550.125602281449
20589.78802078879,5326.275522587801
22856.435296993986,5958.350970591058
18276.705277182813,4889.880941527531
20908.089007710325,5158.116362932571
22717.530621017504,2220.536644701003
20824.10027046257,5424.4601034322095
18668.10475581764,2259.6144814221034
20872.552668903027,3652.3136418964905
21132.476900184673,5910.374276373615
24214.52502947605,5960.27450294906
18165.364650304145,5995.38817426673
20601.13191730888,4719.78315257002
19658.726242441244,5053.131457977882
19032.05929633604,5150.615359304228
22095.493955688362,4600.0717354498165
21384.699783669366,5789.109021370069
17670.910397871005,6125.4382590196765
23974.909940328856,2338.646448877365
22360.28210930398,3138.826859871251
20482.175059475754,4478.415822644725
20043.98168094028,4635.558782762128
19619.037350642222,6715.599542382794
20780.475062250272,7829.904387637911
19232.63207836303,4452.053078264597
21466.76899811091,5939.388649120185
20108.389242807243,4652.401449008242
19818.857051209605,4588.821431827021
20582.372848897172,2064.8481710160754
22828.64927787978,1989.4734123559974
20803.056697855336,4746.4585757182995
19098.431993423936,3739.02351204548
21183.221507347615,4622.7408514394765
18595.80220350413,5592.159047050317
20037.47771295641,2391.4980626566044
20475.949476184385,5373.428925325977
21165.44120063211,4281.189876213201
20510.679553090587,5782.360874639006
22111.068476952227,3786.7393771078705
18064.537408630415,4468.048891558873
17559.608669139885,5085.864789707068
21113.72599201633,4090.319076141513
20041.4127841904,3418.186475721789
19323.89778598488,2047.9500159074296
22021.210770072244,2934.1051609160995
20808.557310488337,3648.3072862104154
20331.508514261877,5334.140347945374
20458.485071610074,4575.916912085357
21739.892670548015,6382.168090792446
18824.653127173962,5045.401515645341
22318.620611229275,4168.733519231959
20001.506713837673,3803.839621101049
20964.824523446387,6579.084769077654
21518.67744668518,5490.992913797774
19843.56099854998,3975.325024198539
20505.128986421863,3882.808654988763
20160.81935953692,5950.628041004242
19690.685907466126,4757.912417463799
19416.030064984297,5839.785116412595
20141.751976060186,5316.744761028473
20503.470095281766,3422.7504562817517
21718.232731095566,4562.153617219211
20310.671956296836,3463.4281597123086
20125.039456807153,5871.4709399006915
21885.92378961996,6012.912226679506
19524.003068960094,4540.940235834993
17956.788477701448,4637.726759276506
22583.4653320694,3321.2271060837397
18987.117670750224,6564.470242203855
19901.65439974629,3902.911507169132
22502.33195972039,2443.4390151987377
18660.074759791594,2904.5431513273516
20602.611694921594,4099.734160001628
23307.472530643478,6332.846111138153
19579.08568434062,4270.25801529639
21503.927049244856,3748.8562831295544
20144.994269323244,5593.390294077253
21827.192574452034,4369.490102261261
18846.831939279753,4403.314643825588
21541.875941933948,4409.7373247732585
19310.910085978936,3455.120649467279
16482.018203629897,4852.281409748492
21759.976089856154,6301.781135194002
23616.700461610384,6149.25388861631
21440.947597178172,4956.322424538314
18058.59544617233,3852.541192664555
18001.4798245552,7325.134770074672
19654.360235911892,3241.579859604104
18912.440713345826,3617.5898812545033
20843.437423012758,4477.011629190827
22120.96352740246,5858.8087919784475
18952.679579089305,3082.3140273703207
21031.62134529455,4343.787116488483
18714.8316952024,6689.9548493055045
20644.67282938621,6464.141030837829
18784.21850091822,4951.517954093715
20163.787558120657,2802.4477564198164
20048.799763004048,5536.455717911424
18827.02601549076,6584.534567959269
18224.930309814274,6512.772120128337
17662.780867767884,6693.277717285084
22637.685574845218,3907.939265968128
19630.500260590503,5337.066666154509
17881.875423757163,6087.556479967634
18112.208086955205,5142.196370826582
22328.989782062967,4458.288314774396
18915.93746094895,4059.3064345323974
21315.983135052706,4103.608809564971
20894.04712233298,4829.798951386102
19700.532732525695,2051.770021678576
18645.02404515937,4979.3799964779155
20151.365057990835,6249.833766094263
18597.025882765894,3208.0614347274377
22090.878833247796,4411.259401673939
20368.41108843047,3787.8873523681896
20146.888141611562,5685.143713074944
22462.564459267913,5063.608739800294
20685.070534034163,3256.6267675834433
20625.82919876353,5324.82088683262
19036.90055786312,5559.350844388368
20015.269709752945,3979.9110185244126
19337.472583449147,5391.6375023232795
21867.94663710837,4632.213590821354
8353.937485399758,9956.4754157631
5164.742736176908,7323.953864101863
6034.981908464876,6826.1183054725325
6947.206225913619,8495.004190995936
6446.187156219338,6782.227989248195
5447.6381626981365,5963.602752257149
5176.28516663579,8951.095060216154
6824.259876894237,7091.731188803994
7880.75814866674,8050.262626771837
6918.953349198859,9594.571554104592
8859.100790595208,9790.02112611492
6597.508531079977,6516.381416522624
5911.572654883738,7466.315207204566
5737.406353039624,10194.640388874664
4379.751697842841,6478.157677073648
3891.1433276256184,6802.986090187009
5680.632961967801,6557.682765194435
5640.064608168558,7886.996502337292
7056.485224243932,7169.39806933693
6700.926900966053,6814.495162453578
3026.57015446143,9767.173346356347
5277.55780525358,8984.06659260096
7133.910683379848,8227.611677169218
6231.932722049803,6452.625516208607
6071.787030471986,6841.475372334076
4848.871055132364,6410.15192604814
5608.183184942225,6766.2839080418535
7330.8710995693355,8612.116352029636
5578.7610072016905,8051.2139400011465
7093.7705028150895,5891.971227648134
7763.86021487091,8567.418677180736
5599.157048588267,8517.559617025188
4232.542105074312,9723.780569054708
4801.687778703199,10144.571273466174
7579.180524993874,6389.72424862357
6188.928366888657,5211.341390196933
7640.343969175813,8259.073126809026
5766.175088008126,7853.608080413785
5402.231127949497,7230.766081778585
5601.159755210402,8254.453975403792
6797.030083130065,9397.10360633392
6714.795676660043,7033.095774201514
7219.000601223017,6944.317261029853
5104.279767201029,5823.168169880763
3998.1725556195474,8575.615526598118
5684.791598369467,7414.253207742091
5202.099566558942,7343.220919829906
4065.468655839443,7386.822725408318
6876.466938024589,7841.82329110652
6615.797189241133,8249.538361761592
8961.68930144158,6857.833687364446
4143.304430886556,7499.144934655245
5602.378818078229,9390.84987760614
5969.656445318052,8082.6232900947125
6376.0769298380455,7531.308150725146
7560.411338006719,6042.436484878763
3899.2257867294734,11840.648658828362
16493.777081341173,23316.346496760973
15393.724078612047,21280.556516421704
14742.692964056632,23515.786458584516
15918.807186660273,20488.86932977381
13268.641839904163,24782.963173273776
16809.194512462476,21197.055664760403
16309.262960330638,24851.07185707662
14686.319086651305,23863.20558826083
15945.679122042164,23241.589347766923
16827.149536832403,20817.71694285706
18565.857130961595,22968.825084299853
16262.217470961401,19223.59329454428
15555.846036682373,24770.850439083333
16842.153201061356,21379.1177855522
16370.486391245437,22674.157560940253
17408.484223517215,21013.4370364946
13978.127376664157,22936.590995377384
16497.244977365892,20909.593734089718
16664.382341554818,22222.624184259505
16104.608920171391,22552.145847373893
16561.264931612175,20776.782175606106
14581.011377571938,21828.628108736804
16245.549974323932,17718.481172968168
14954.65745845875,21268.408054035815
17256.448760495892,22414.18396197034
14279.08813741901,21395.91584027136
16045.741810354799,22989.22379426256
14061.08672626387,23511.88026531267
17517.74251005017,20788.873397989388
15610.587388315744,22365.430078552123
13770.103615008653,21667.234022850516
14304.141241776151,20978.950249512294
15015.282941767422,21432.69177404528
17298.812655140155,22973.146226499044
16803.46104910776,23570.27359019851
15846.335822889094,24878.0
17636.55076713154,21321.52967664098
16742.11621395379,23024.67429103318
14081.632281585127,24548.035428112787
14905.82340088311,23531.258741244535
14776.31560796744,22916.423206470507
15814.070934736676,22228.958322151168
16001.694321660956,23417.17512885012
13835.055026204413,22035.997233829356
16656.07413522791,21644.71277950819
16161.490357043001,23444.503371907515
15808.239009062607,22974.138242476067
