5920.457,2811.271
1440.051,8320.159
7668.511,5933.923
760.093,4841.865
4221.569,9564.988
9032.173,7312.519
9765.614,6500.966
9398.349,5926.782
1241.854,8549.287
1354.249,8936.755
5051.357,4723.198
6870.953,4697.564
342.558,7787.77
10736.379,8266.525
5659.329,1165.933
686.188,6555.779
6823.353,7213.641
10489.56,619.136
2025.594,3178.491
7669.729,2472.792
3711.556,4296.213
5581.84,711.552
9933.074,550.589
7954.645,9977.471
412.559,5379.439
9253.447,1898.279
1348.72,9618.564
3512.337,3178.556
7369.938,974.088
9199.452,680.676
10342.824,1988.644
5388.925,4759.207
5291.248,9992.841
4854.36,9749.364
3987.349,189.968
9733.474,3060.494
8476.892,5589.604
6662.768,9401.434
1995.655,6254.259
8346.979,102.317
6233.695,6121.777
7087.542,1590.272
1706.38,9901.045
4714.462,9680.54
7289.912,10961.766
411.091,3861.03
5230.516,10029.419
3577.227,6830.067
1002.883,5151.88
4622.325,606.666
6781.702,5668.692
5296.903,7383.39
7590.387,4895.795
10055.715,6171.417
5346.632,6485.098
2217.388,10295.784
10169.613,4190.693
6574.353,5851.963
7621.497,7564.733
2546.829,4309.123
8714.069,6159.966
5298.558,3013.445
3040.233,8895.402
10348.494,1680.831
8440.598,6333.548
7644.229,3263.948
7416.379,4013.449
1597.116,7039.767
8364.72,2819.944
3811.376,9632.989
10348.31,6021.526
4693.7,1250.527
5540.218,6094.06
9188.086,4671.435
5114.362,2935.416
1912.062,4736.453
1305.577,5505.985
2407.615,2559.822
6495.411,6287.379
5355.808,5190.885
8843.268,10430.051
3529.645,2049.856
3764.294,2241.579
3678.117,1965.49
6718.311,723.301
4310.423,10194.815
10033.102,7782.022
7009.768,8209.57
9766.228,6951.935
9192.52,8353.446
6371.56,1058.295
9029.86,1400.803
8095.861,10317.122
2589.242,8774.479
9315.896,7922.554
5660.105,6272.992
5986.154,48.564
3357.481,2108.954
3650.71,2185.108
6784.39,7106.554
2571.231,9036.513
6092.223,10868.823
2176.145,7637.062
2593.363,4403.915
4349.399,90.269
341.827,4942.399
1315.315,5336.918
3251.241,4134.711
2839.427,5933.621
7830.503,4045.184
1030.959,140.203
9545.986,774.662
6006.438,1226.689
10534.535,8165.091
5990.994,623.372
3004.756,5450.88
8814.242,6249.324
7148.824,1056.714
7292.681,7576.042
7589.561,1305.457
1012.951,496.246
7376.735,1602.655
6075.159,5088.821
9614.939,1314.383
9783.016,2123.491
7843.727,10037.512
7376.652,6143.648
10205.712,9028.466
7143.529,9775.47
10556.416,2459.443
8501.332,4971.731
954.842,10077.121
9825.895,3861.263
2243.097,3339.274
5976.129,9016.416
5918.124,4026.508
528.407,9307.508
8018.458,9499.183
10736.555,7721.553
2759.971,1085.313
227.784,3085.131
10815.976,8994.226
2750.792,7439.75
2905.224,9617.44
8656.519,9220.907
5846.521,10719.513
2060.856,1711.708
4257.251,2698.402
818.816,1411.488
7243.983,6095.408
9077.172,1269.655
6965.744,10840.553
3804.829,3966.304
2064.52,3858.604
2589.696,7721.532
4706.376,10656.353
442.435,5786.382
4284.114,5144.984
8036.024,4405.31
7439.851,7781.253
7214.677,2935.306
7622.723,9266.632
3715.571,171.679
334.061,5165.596
415.658,5408.319
1604.028,8608.179
277.185,3051.676
10005.362,84.625
9320.733,179.516
10375.094,5850.047
9724.685,10383.715
8410.038,10015.825
7103.114,9645.027
9674.513,1380.391
4494.699,7470.441
179.148,8757.079
6017.164,3774.739
8006.065,10174.894
871.653,8501.079
941.931,5875.11
633.042,1497.856
4829.118,243.29
3812.143,3509.64
7336.145,10953.079
7272.687,7534.971
10556.402,6649.954
10365.886,4479.217
6006.006,1976.458
6507.216,392.109
9996.781,5586.826
8671.867,3709.741
344.481,5055.778
10228.568,497.765
4818.208,7131.417
5066.572,3348.246
8755.412,10232.881
6631.302,9941.888
6419.422,3949.084
7458.978,472.203
4814.847,5709.711
714.429,3710.219
8674.511,6004.733
7379.181,5593.973
9149.745,5270.197
997.536,5550.555
2330.689,1178.634
786.44,1433.544
1375.329,9722.162
1801.411,2124.583
4331.013,1887.663
2727.544,9952.247
10145.275,1358.906
5360.737,6759.289
564.291,9444.481
10935.8,3574.185
7881.123,1037.519
8849.565,9162.245
6127.1,9357.372
3587.936,10343.864
1821.724,496.343
5996.433,1646.448
5682.907,3868.291
21.046,5999.073
5927.644,1407.783
10742.525,4972.298
6550.092,7249.102
10288.42,338.311
8337.534,881.802
1267.03,8432.575
2917.863,708.032
3149.998,1780.497
5524.542,3947.427
6541.284,5710.319
3473.09,8516.768
6084.156,8471.012
9829.697,6386.129
1951.036,1005.17
9265.625,8072.015
4494.678,3951.457
4206.24,7247.134
2829.749,5291.572
1290.386,6509.284
3268.838,3410.515
1898.975,1349.854
6577.055,7224.509
2306.643,4828.45
6663.096,8337.841
10985.557,8624.303
359.836,465.58
7130.013,6829.595
4438.32,4212.38
5209.616,9028.035
2878.63,1132.876
7590.533,9693.394
6518.173,2481.355
3290.627,285.323
10589.694,8318.847
6826.887,6001.046
5060.867,3806.329
4326.185,10453.085
6360.146,2230.53
5259.142,6771.559
8977.303,457.438
10759.289,409.769
5505.429,9333.249
10503.892,4229.949
7721.104,9000.549
4505.483,2442.423
2522.232,3774.094
4482.203,8164.274
149.633,4577.181
10577.916,885.817
1398.608,2287.272
997.192,2023.484
8100.821,8655.487
7734.448,2400.633
4426.072,9792.101
2040.919,4107.386
3347.358,1354.283
9268.349,9035.626
6814.696,8726.714
4839.752,5852.68
7577.211,4084.695
10423.694,192.535
236.777,7578.8
1891.083,5771.475
8301.212,3047.578
3858.875,10035.602
608.811,2670.717
5209.997,9588.071
7866.819,6490.06
757.729,7647.706
5113.042,5254.744
3252.617,3648.112
6195.57,298.779
7578.109,1956.887
10170.485,8684.246
8453.99,7340.472
4333.419,3928.321
8434.086,3716.965
