2678.227006252413,9365.602263280098
2185.3360624417005,10004.535253717948
3139.6703289997567,11670.178913596963
4025.7162425276892,9556.873707405475
1561.3248383500857,10839.255825133117
2684.9101844761135,8051.45498241329
1393.8110874016427,7338.48450806244
1913.3239665246547,11684.911930798036
3956.419961157398,8076.540483610812
2987.931156465087,10884.601063937542
4649.16811248195,9128.384569791917
2274.852464219537,9767.728014931627
4022.117115209991,10393.433420615876
2511.771333738598,11881.74543115341
2457.1317977766153,9566.375678076112
3137.474061268831,10552.04746854969
1817.9902191860986,9961.29777606813
1952.2192363047016,10148.496128337049
4231.064200626482,9754.9354776609
1454.418615506204,9572.717035739899
3174.11008198963,9850.753260912472
2214.8191838333614,9269.384254300094
2151.027481801937,9889.087736290609
1596.5788628367795,8598.012904449643
2321.2475568885548,10275.450756287188
3040.015705247139,10636.264508360437
2916.004766225565,10520.50197884564
2066.145424960866,8618.559942432008
2841.5034533854173,7947.324223356229
3777.983943752616,8606.079454793376
781.2095689812334,8887.81730453714
2446.5507866428707,9623.813244997385
2453.2842306413895,9620.766535226338
4881.416622819323,8275.688024056748
366.08829349271355,8912.296755996125
2810.358204948968,10272.376674545356
3042.294607024973,9808.401552398802
159.2179569582022,8019.263521395699
661.1392579086596,9824.7385621376
2963.21657087486,9674.06891231102
4142.050090441435,9337.141879676301
1294.0511521039855,11125.463193441221
2691.319899887481,9991.941840567319
1285.9642723787867,9243.29045757963
1006.2776234319331,11033.061834174114
1941.844643944367,11712.960711380309
4176.091881418214,9682.179396836353
3950.2775491330417,9138.795544259736
3726.1521291223708,10394.471640834621
4138.566663576865,9082.18371632964
3522.992313287976,9308.249517351896
2237.9573545751573,9044.226660131842
2446.635718324562,8179.117439647167
4431.367539778343,9650.816102385803
2565.2236674897026,8747.355113999125
1791.183924458247,10272.805671285456
3765.478149873499,7326.0253187048675
3088.1666824559297,8967.844329155401
3111.8496886479056,10797.251401969574
2651.782235702558,9981.12684182632
2720.3153929035907,8658.610094569092
2464.3002431185423,7972.61372783147
2675.250242413898,8328.57751485467
1227.6276209416083,9779.537201976544
3474.7657420171904,9579.38526908536
2673.1218036436394,8757.410461618834
1983.5140669973498,11394.60864826422
3032.6082397381037,9946.726401652617
1427.4535519484753,11102.647342974069
2985.012636268979,10215.685888658241
2489.56493383458,10435.612447327538
2502.552097873727,8421.315257643728
3151.527456093914,9198.414118717274
2258.7365742528127,11822.705466326568
3080.5153085215657,8632.497334110258
3205.3956030574886,9760.972076848213
1186.1222052160408,10783.901725314923
623.0142890007321,9998.233864754213
3071.763792331579,11123.15498593237
2716.5860429967597,9075.802840040875
1171.9907024287872,8618.564503424812
3670.652388824521,9871.7443731881
2931.9155039215266,9617.731700926899
1709.2202440986284,9857.658145435798
3730.1875610710463,10965.27136531481
4235.344979627149,9302.44945642386
3332.3491642090503,10047.647264644285
2514.7087462936697,9823.546812335633
2163.979374816443,9599.791528036572
3284.841566909766,10600.527388612642
5631.583750479426,9040.44919428528
2487.1792799791365,9793.473631484252
2617.673520780714,8898.783129122834
2196.1222376447654,10306.501240063699
4342.817533317872,12595.56061738937
3340.429645270274,11009.022730923954
1416.6131775639037,10714.130292421818
3521.533080648991,9910.045338306625
1642.5375205558344,9541.68963676809
1605.5626043715492,9471.19073029484
3051.540545691533,9140.724994260845
2589.906020357934,10550.626998939415
2688.2707109367984,10202.570933501998
1590.6158334925153,9149.795932576646
2351.9814910892424,9769.70774638778
3624.8994775043966,9761.872771595485
118.4218994268058,11099.82918055088
1283.9381751962892,11281.791894421074
2568.347257602921,8513.129558790244
2007.8053797106263,9651.642806114936
3755.557245606974,10361.102251643853
2162.505504382308,10174.6704758026
4333.3697422923715,9546.585520928053
2730.115055270313,10501.49304325255
3853.940394069992,10291.625700311764
3112.4472756133396,8857.551430105295
1839.0124366744972,8511.647019858308
3215.638805611592,8949.101594347387
4468.765789690453,10129.132153397632
3309.564254439678,9665.405701344256
4719.617987066926,10016.335891454999
3503.3620306893717,10101.469437069034
3127.385212775495,9324.140670290433
1730.2795720393492,10613.884014085424
3878.733697521303,8690.436922750006
1478.2391897052107,10016.73338988587
816.4394385208384,9071.52282579101
1935.543547783097,12893.581861920124
1555.390442341906,9963.37702812515
1948.4061059177257,10426.59160506544
3119.2140537352684,12116.224610723088
2778.8001454974287,9521.358178491204
3566.8284719213334,10105.92369933935
3118.410296792443,10825.792189297601
2755.921443247321,10951.050593389422
2378.7363105996633,9941.635955709386
4586.87199977898,9055.726523831067
4582.8643610689,8941.719290527271
4852.234108980401,9941.414056130863
2299.2526939775225,10954.804426488605
7224.513961439426,7750.390114874525
7653.4470229154995,5435.338597751413
7190.621139668932,5430.676913823414
5611.2064076639,6933.90659739891
5849.682665651785,6704.134716508148
6839.601498612976,6049.709233398768
5746.913191291205,6253.188527612642
6528.394037686688,7679.933606475168
5518.068096851803,6551.746975092685
8532.809056262262,4599.089923877828
4596.742506516415,7313.142793800956
6426.746478442484,6394.139062399677
5690.715414942851,7344.083946017337
6104.840401679998,7050.321679556558
6044.962697105409,6924.290351469942
5921.242505533386,7482.832511428377
6011.955222210346,6421.34418365934
5907.630618697462,6780.394952641551
6128.343999827655,6722.521230268658
5450.65100887304,7660.668152837319
6441.696573737652,6846.703657660615
6348.481602215678,6787.737402470078
7995.7355840224745,7085.680315046987
5872.985316834701,6834.780556649144
8666.561893355725,7315.705029430436
5615.06130188928,6316.08863780673
7300.127613629129,4015.923645602273
7918.225386315635,7385.075236334334
6241.18152123169,6438.379751296845
7144.920597033336,6102.980210969526
6266.117223626032,7747.984756985045
6667.234478284423,8013.783703182341
4985.676613138121,5841.310980155857
6983.613804526053,7023.742912823361
5175.276784674123,6812.470379998729
6680.793217109411,6904.757043138676
6462.210764448886,5526.681558395008
7409.43009755467,5509.55148915111
5164.74887773142,6039.888000572688
7765.507649804666,5180.97853673575
6952.04606490983,7824.719093928003
10790.413971820532,11367.336021009722
10367.767850000717,7371.42710233323
10271.795853983542,11881.153774671347
12740.484304105037,10624.313147161807
9051.416402906025,10474.778380700855
9947.392414562015,11070.389531432584
11564.533830821725,9708.317887172552
10575.749102850175,10081.882394278555
8779.531521551888,10475.130391529468
10186.644994894483,9049.830615164268
8035.046897666067,9078.22771320502
9216.505857161332,11834.945685397159
10267.893536505468,9612.817656979922
12360.486244677388,9840.585694033223
10670.659217434468,9787.669159465277
8859.584953617805,10804.035515903708
10290.94219021535,10290.206683453396
11272.348499904272,10795.569162926706
10537.819947407257,7721.297888603329
9878.240164686353,7058.2964515955355
8958.239275153433,9902.087482230994
10116.16637273253,9751.927127139712
10631.329443792307,8124.657175837868
9987.785006170461,9597.173309871241
10206.2601913314,9830.492562621112
9478.959914158604,7827.271249407493
11589.107938971629,9091.951341711872
11265.10414811194,7925.971068186465
10175.61011573282,10841.38099544453
9362.005727901356,10241.983982583793
11615.944404354046,8850.195768017404
10266.25666727321,11658.065624072198
10651.733582771823,8475.449795870758
11019.483663659801,8315.537404435223
11299.345156458729,9230.555445713946
10858.67104359604,9976.422723034588
11705.31624751623,11350.902770604422
12697.0,10750.993633312402
12014.025665727979,9280.307586154559
9588.982894577903,11242.863848210065
11003.626661894792,10444.113402823321
9555.193199558413,9586.925052386881
12664.787379296771,9126.495767969825
12576.691164151847,9017.44725829014
11262.041239097123,10775.51429030264
11269.570437771188,9698.144360957878
11103.590728138175,10504.768298012452
12096.21799000308,10443.731043782402
10485.11670879284,12365.763278222717
9165.063266625992,8996.240777868567
9957.471052997576,9211.670540561134
11411.460793495793,10967.333552852218
9929.359303363615,9896.889820298487
11441.630571807387,9952.992941979743
12117.51593647852,8481.64960103291
10412.426794543488,9678.736231994515
11132.27626018906,11502.05454690518
11570.832867878002,10399.419388038783
10671.71387499854,8593.257386027239
12158.106209864458,11002.680158489016
10691.215624614542,9324.47815760523
11965.193735069683,10322.80151810337
11381.626844838924,9063.39685560501
9876.467738472884,10323.61038902589
12324.989701014285,10641.32044715051
10286.284992596422,10252.86751545798
9809.625107201186,8918.178333989488
9914.917343279023,10228.467237048608
11424.656430676941,9652.278609658077
10867.49555182026,9584.97587020947
9689.121535516953,10352.348478058118
8979.407801125653,10120.165661937132
10575.807588609223,10526.812618933214
10386.763118612282,10469.214931348346
11070.179169428657,7360.890610873123
11379.218642504657,9465.785206369768
7940.502543077124,8975.283802117183
10916.244548125342,9153.522031063929
9595.520583831418,9202.766824807486
10150.808389336651,9544.449426220934
12442.602694292156,10977.215439231628
10447.951057765595,10641.536705693567
11798.651152459062,9781.504741069763
12539.967737669655,10616.818966285538
11023.37715683165,10351.205524797453
9143.076877154635,10743.24957866874
10017.315047803257,9136.868216440054
11194.455922191184,9252.857375293968
12039.683302926464,11114.053478701268
11307.755959156668,11274.518769419377
12071.72923388891,10201.525571417285
9897.7378016182,8578.891236445399
12116.623281513115,9321.759505100928
10684.791043876554,9182.903661899401
11282.341329976509,9678.948665078524
9048.766676116617,9185.982750807165
9555.786716873778,10178.902439280622
9353.045628543854,10464.836878599737
8619.963175056422,9793.722486093771
11679.107683868131,7898.802995304461
10192.276841429366,9182.214664219406
8749.282223964723,8785.15840076057
8842.894312944905,10841.230869194213
9642.408244789516,9395.891948063218
8964.64897841576,9424.13191028156
12895.0,9457.916830880762
10264.724980535459,10408.94279432499
10916.731872769005,10067.930594910998
11875.336773344889,9644.143377932493
10155.113350511474,8208.42797592084
10647.612497079044,8319.548984800782
10154.881993333047,9270.769447696337
10460.368511931385,10501.251765366984
9539.065049391122,9123.563826026642
11431.389452701962,7813.109328959652
11299.262824439258,9923.35835298521
10000.90852173061,7667.346536408217
10630.356842598248,10312.644435387743
11410.106582146334,9073.212525982488
