1189.3352484559837,2332.922278973633
700.2241373343047,1166.291997974065
3065.131019633866,1568.355481044136
2698.519657975725,2666.0724627088484
2866.5683902882433,2099.8152533213706
3015.5654820060818,2946.7409199623226
3405.557419263805,3584.6969513286667
1420.5498729854157,2301.4365096698143
2438.0189062219724,2463.35720151645
1445.9134509683252,876.0110276641858
1606.8422933613638,2708.0525445680405
1746.281284627477,2085.9724910934838
2939.6078046021707,1853.0946784431171
1692.2390059480847,3728.828395701963
993.6874964220597,4229.0722200243235
1750.249598418076,2550.635970276657
2201.818342513342,1366.8739824693043
2751.2294735750274,2941.1779049552997
3503.4190277067346,3387.9562432326484
1866.4952732277075,293.61895705111806
2624.0812897538026,382.20446867927035
2026.3630877062872,1761.3664220605772
2340.4876448394302,797.1296166358395
2014.7667631677132,3316.180705403238
1798.6895933453884,2591.1314737458306
3128.54416193244,519.374696143967
1896.723174133621,2184.361144354485
3044.4846494545077,1891.8930723227825
3554.879593125129,1587.7549361881433
2629.167356762561,4011.9766862372326
1436.1590264020633,1768.4903275482275
1861.0466149175525,2031.1074440285204
1607.5882086654376,214.21913657614914
1956.9901326403728,1694.2424573759158
1920.4929199443131,3366.098699611802
2500.5850087796566,3035.84032970968
3887.724969837342,1620.164883187445
1645.9424324852907,2362.909988343318
2594.016852361533,3721.77236008893
2552.8866776630757,3477.8100639860886
3430.441091029987,1827.899347245354
923.2387023443102,2516.340747440731
2328.06088231804,1525.818669236019
2559.7813083784413,2343.1267263972386
1911.1962993301834,3755.375907897638
3209.1457857369355,2339.0773417959317
1026.905644516416,2483.9782962141403
4053.6880309065527,1690.2017537522543
2408.6748013313686,2955.9816699043504
744.7165147550461,2737.2218814642265
3966.387831519697,317.62302803271245
807.2107324213648,3865.5423925798323
1273.265877952901,3169.0551435165407
2491.9832119213247,2172.7328269591726
270.54633008783117,1049.5862055442071
1717.6713071312427,2759.171522995756
871.9927475920433,4196.41677741764
4225.401936459273,790.3884556280818
3576.4995767298847,2223.404219582491
1669.0685673704902,3279.48435107786
1125.1441549182084,2841.1545328158836
3246.5605365684314,4011.6570723761397
505.0607170125181,3147.3908693586664
2805.7146685174866,1191.7958831050755
2067.2967506871423,3228.8774467968833
2155.263912892318,3765.126760668863
1842.0797286976024,2851.262338694252
1950.9640174982665,2143.99837372877
1656.4710139873275,1551.0905460286651
2752.7714465971317,2389.3298856757424
2256.766910738879,1629.746174704842
2656.4392439729377,2341.401160530405
2890.8632088062727,2510.542711645274
2606.7215406639884,3613.3440869894794
1957.8795255137784,1852.8790180236394
2726.239419962489,1116.4210941227152
1003.5919322347677,1600.8179062774161
2898.3058582445315,838.3652307904017
1473.4559495956987,680.7785411391565
610.6639859854336,1296.314344993757
2050.5601122522507,271.85190304728417
1996.0515603104618,1225.1197620359117
515.992705863458,1605.1504065033278
3201.9789960363482,1981.164310711291
2436.0951741679996,2332.4792788228006
1212.1114985455138,3516.831362651966
2349.2717704104293,2089.7835139072263
4236.238547535233,519.7448688864979
2597.3274648515085,2759.9467163209792
4323.334709525474,2757.1981603858903
712.6929264542382,3020.941069966394
2989.208670242905,3008.4589141723386
1273.157371055349,1099.6995189332297
602.1296480900078,3105.0563858873466
2829.3348880677927,333.170719206415
2368.894211968737,3324.059627423626
3714.492325333542,2174.473202283202
2.3772803234091953,1788.9533580652233
2632.3336546400137,2684.352594548479
2252.9040337462184,3745.5453205170725
1456.364751903322,1912.8796493146065
1170.394611122584,1779.0600193635764
763.3262488185148,1140.943175743249
794.1037245500104,1085.193419841822
3669.173687949279,1217.1267395191066
1267.480177777824,2350.8826085970195
1750.234809405997,1591.3067087735346
860.0472491959654,9986.880317190313
2983.4146502777076,9347.598823502924
1267.5611297286473,10933.0
4354.978491600477,9248.699880668537
1885.757898626634,9817.11509281473
1677.3546116655164,7138.920640711742
928.8730032582732,10237.39825782145
261.97741129375004,10126.059615875469
1552.3441836556453,10456.608304971225
3539.3553989578586,8552.737781222697
1718.2262696926505,10660.298832171828
3317.4245523431437,10432.1210918734
2863.2882936692654,10582.357982105701
2641.661081817868,9944.754718537828
728.398616878379,9852.948115988514
1553.8252902060458,8976.257922341954
582.961956714068,8325.819868144557
2026.0891568235033,10748.597671726217
1488.5234989593773,8509.62395191149
3289.055607909215,8105.213502154231
1493.9189130696163,10993.127325935402
2730.854766679021,10076.144237249822
521.5611966269462,10911.0
656.1707306307089,8961.064350363453
2564.724717296119,9969.594375897663
1086.1014513316766,8007.096129830075
2583.8784482887213,10563.98464010704
4126.796747921495,6685.035690400256
604.5938475385981,10674.023569280107
796.8069361709638,10690.061946206308
1794.6961662090712,10181.19792070586
5253.235520045297,9858.054050655275
3259.418745059609,9770.990780338912
3059.6300843702506,10716.0
967.4262377144255,10640.23162641814
1876.5498930350311,9588.364991370509
1496.6998252956869,9401.838002871455
1600.4653121565552,8992.422238928522
2519.8770689267953,10151.639084056704
2589.4447746202286,9776.981325132376
2042.2516677777273,9401.317277660684
1935.2425229285443,10602.703695032558
1345.3355713265667,8673.273984861838
2983.153735720652,9403.825373998518
4498.122782883341,9315.345291777601
1294.176037337108,8929.80039845816
1442.8396684285854,10386.694579323927
2597.623855366831,10974.141755329118
842.2481150138046,10790.0
2074.0615367545415,7610.659110110895
2751.924306282735,10015.828213236857
1901.652110834658,9739.913743369365
3293.5963327298014,6678.168363788499
1462.7535291914269,9106.63207014091
814.6837332131088,9638.161311278966
1790.2171040368366,10689.117785198496
1667.6616744494713,7816.035310565238
2216.720442189678,9398.616050066945
1778.4764998743553,8941.21362288799
3541.1024259176993,7420.577810379464
1774.7184739728036,9371.994575874236
1956.843368561854,8767.436873586072
3121.4613862537753,10478.448639843844
2876.1398613896677,9864.263259449488
673.4104476337102,10422.6274051198
4637.261367563337,8614.240049276576
1484.431938449974,8241.842522309396
1156.6774681671684,10147.236604279055
2495.0865496465412,8680.213929862843
1907.0592835563314,9739.263682169143
3063.1101613444953,10237.839384540157
1051.709838380221,9496.167543858961
2835.0798622350844,10630.0
2679.4412017448344,10453.471211352777
2064.1990295524292,8223.296356518978
2153.240032794071,7001.149503836692
3820.4461266188146,9405.997842007298
368.41824314427913,8062.18059280325
2545.6986060457157,9213.682005868628
3155.553938236647,10249.305857864954
9012.983128362654,6150.959931834674
10037.093914341502,5648.878990113132
9973.542906861585,6828.281734982757
9115.378479976891,6766.043788015635
10363.643209174772,6099.649204299009
8584.983669973053,6082.624306351058
8332.285004890851,6663.935158054903
10184.798111527563,7295.891757358705
9239.079156504928,8257.977948232274
9229.148181475837,6985.427902916737
9212.826522399484,6816.60337219573
8666.503138792783,6632.948749522587
9637.816074803733,7194.832396322505
9124.154311925235,7069.25836007376
10896.871025807463,4505.434384796842
10369.041525842407,7155.677866278698
8213.422876210783,7623.847216477101
9643.324946279046,6582.223263584066
10844.061796892556,7674.294735873714
9750.213249405682,7056.534098116399
8869.258381096624,6902.383857651077
9400.607097953323,4860.136081609766
8891.247970081009,7612.690766426233
9278.182948810061,7075.507578050029
8961.08451550368,6663.4952836758475
9463.066574546474,6188.092994185456
8607.073963651279,8241.662372503619
9469.557711779655,5925.880958378852
10179.483492062262,6655.642684559583
9367.61794211056,7259.798126602533
9244.803647033443,5422.510955975937
7706.279895905578,6608.435431183342
8881.860491974136,9461.293267450746
8727.673504819606,6790.659732685818
9022.785455105208,7255.277870453139
9031.674718107544,5178.550051775983
10518.423886367087,6564.656550168415
8777.008461960755,8236.015749160797
10813.0,7016.442043992681
10296.30631593053,7514.719652140352
10061.435351309354,7032.176437160768
8213.910382725755,6948.052999354634
9050.891020494042,6815.850913854657
9344.741140215105,7368.739984493224
9508.451476495387,6803.043798586552
9832.022460759976,6367.568358322416
8527.821624960186,7886.001775030839
8592.093516156365,6264.157567660383
10842.0,5947.284280222252
8684.362740387673,7402.641246325546
10501.48065126659,6186.562781374172
10464.796127780392,6816.194496648067
8471.359746279491,7522.417769363305
10395.555127913804,6609.4884465030145
8707.747534094116,5947.53400025593
10545.0,6142.443290706318
9650.222010166417,6326.491618366175
10002.521954536993,7040.368865122035
10755.0,7998.074296358924
10183.912397850478,7463.417157404273
10894.0,6135.596470969276
10566.317311040993,7529.139453640339
9516.687842862411,7371.138725713556
9395.581133913678,6343.06683869735
10915.0,7838.524960205356
10375.082107034063,7930.408091706945
9491.468729629327,7329.290280122714
9138.999235603134,6941.343887190746
9029.761960294003,7654.927405593378
9571.874607415597,4971.538087507467
10248.01066643131,6434.28983215553
10967.0,5373.643327201777
10793.104100941371,6537.230198807677
10917.752822095505,6121.749604286999
10716.0,7443.206022266493
7264.457684271083,7443.52056522478
7929.036933503608,4979.222317200542
9800.91358571753,7526.056783522901
10854.257349437154,8105.04863050914
10476.268536250975,7248.556902316047
10082.422045271,7993.336907023686
10367.0921724601,6260.130725913932
8923.606174373368,7200.7234274666835
8217.348655805086,8570.835479895119
8546.479016644844,5029.828763551533
10369.072319454099,8457.161091701042
9601.741197210673,6394.64879220402
9818.9203496771,7546.536447664512
9469.784624559243,7524.922197535685
10945.0,6884.44853041273
9069.456898927661,6379.708310529782
9014.275987754358,7288.537163117763
9443.78190463829,6810.440379510276
9174.378143278303,6443.545331597203
9321.249647132117,5572.354977263603
8478.903036711656,6670.227885237344
10461.616636039511,7190.433012981635
8311.415433964008,6319.020560074151
10338.551109259064,5821.786928654002
10906.076775128877,7616.659742290247
9024.927580072193,7852.399175358583
9056.078633640303,6075.114444335402
9581.64424374734,6547.427388945756
10116.499381468548,5778.704413795813
9464.416693627312,5804.716667281408
10871.935367726608,5511.705985131546
9164.720634984113,5497.790738282263
10499.832331300016,8402.323290048287
8496.633965070332,5021.8454244966615
9362.348989429527,6565.282914837928
10715.501090918751,8446.530077907395
9485.282352922473,6303.714226346122
7894.328184103733,7265.386650338817
