2308.956,3499.584
1648.898,1035.763
4893.863,2445.447
7865.976,6362.255
8798.295,5612.138
9098.397,12576.115
4581.966,808.534
11062.751,5435.418
5004.657,3248.058
754.421,12286.357
4071.576,5287.744
10388.918,8533.213
4837.844,3066.161
6531.825,605.634
8046.897,4459.391
6710.356,4059.704
2580.818,9143.4
1521.688,11163.043
847.818,4297.742
7492.913,6628.695
1730.699,7272.192
714.579,7966.658
3868.802,5317.527
11858.586,3980.599
10571.567,1342.52
9773.821,12012.566
10251.903,2945.576
69.17,10824.751
11107.145,1473.759
433.146,8492.029
124.961,4131.73
5203.761,10384.426
9564.204,11789.254
10034.452,8377.533
561.113,6371.95
311.989,853.102
11255.804,11956.667
8149.232,933.894
7510.275,7519.571
11093.799,940.043
863.371,10107.608
468.272,5306.799
8479.449,1391.997
7258.201,1981.99
6078.922,1957.524
9228.589,8700.94
5926.222,10315.478
8325.918,9264.869
11227.405,8194.33
745.769,3197.769
2054.637,619.151
5075.554,12462.31
10913.033,201.31
11236.562,9104.917
12264.453,6970.142
9562.779,3683.361
12056.592,11387.495
9617.491,947.565
10179.529,10373.155
11774.71,2415.078
12050.92,11009.133
5434.311,5406.222
155.027,5555.87
10808.796,8966.613
11648.648,9133.363
5522.84,9245.926
6383.291,12294.352
6721.271,7528.13
3061.062,11031.35
2583.335,2259.33
12784.2,11106.917
3003.834,10115.687
8451.401,2884.094
2141.464,2603.817
2466.194,8011.3
1439.515,5776.206
1058.867,4246.255
9859.489,11103.451
11616.596,4422.267
417.837,6580.513
699.26,1540.096
9748.789,10749.692
10180.952,5721.769
1442.27,8805.376
3247.526,10685.004
9900.487,10210.465
12628.267,1958.986
7348.468,11077.819
12774.697,3138.894
5332.699,10304.71
4392.529,8973.063
6927.647,12811.072
12710.862,8948.371
2177.032,2961.838
6591.452,3534.082
11284.416,129.686
8254.585,12176.025
277.817,4571.508
2947.882,185.723
10326.511,5338.212
4426.421,6727.617
2219.124,12562.001
1741.983,3892.269
11749.212,716.836
12328.877,9192.681
1462.227,2473.912
2957.293,10630.589
11075.007,11646.07
2188.717,12165.528
6932.222,7703.426
12875.71,8576.64
919.896,1273.006
7002.535,8461.735
11094.962,7701.922
2907.24,12978.409
4766.526,4213.536
10071.133,254.416
5401.078,2043.133
6778.922,1255.737
49.486,6182.158
4030.837,1215.112
6651.866,3384.638
8747.15,4749.339
5858.832,9527.026
12099.327,8453.986
10664.646,3862.432
9493.643,2483.16
129.558,6478.694
6763.407,7443.774
10248.545,4385.221
7300.668,1347.854
1356.477,3570.952
5118.987,6458.053
7186.542,12313.15
10776.702,9826.459
7881.265,736.938
2652.874,8492.249
2865.034,535.695
5220.448,11759.653
9161.476,7044.938
7691.411,11600.532
9402.651,5785.906
9767.702,7019.671
464.427,9686.106
10078.9,1882.759
8948.31,11553.903
7530.226,6396.442
2160.821,5136.499
6960.193,4696.236
1444.404,10150.749
4198.938,295.316
513.29,10684.7
9208.414,8290.249
6171.971,2593.894
506.606,446.612
12749.497,9315.347
1009.643,11515.809
4988.366,2143.287
3267.492,7361.946
12371.278,6526.902
5933.143,8788.297
7336.029,4530.526
122.949,550.549
1489.574,9047.853
90.491,7172.712
7101.404,12693.423
9523.624,10068.621
3568.73,4667.841
8790.324,186.991
8798.644,412.506
11767.783,12121.074
11769.169,6966.196
10377.807,794.186
1614.338,287.311
7351.94,936.052
12827.868,11772.583
11897.995,8392.177
9563.313,3611.585
4165.244,11611.92
7254.218,3568.05
4040.212,2586.638
11351.261,5077.723
10904.734,9552.139
2355.304,3690.107
185.623,9932.894
3116.418,8930.582
2045.943,5018.773
2837.138,3730.245
9316.331,2741.354
4843.684,6529.549
9323.762,7408.524
9313.386,7035.154
4395.891,10187.672
8037.376,669.393
784.938,110.892
3603.009,6401.929
3055.974,6111.454
6604.649,12413.023
2760.707,9767.29
2309.93,2004.962
8260.557,1138.146
3084.747,6542.213
6261.568,5666.832
8328.79,12460.668
151.373,6328.515
6637.126,1041.848
5272.63,5908.111
4868.946,9119.968
714.095,10612.839
1575.852,3276.97
2055.852,4151.909
7077.378,11258.804
9965.603,7919.638
10314.501,4839.558
9897.14,12831.402
11851.898,10883.586
10997.955,6960.907
2676.159,10209.409
9664.237,2570.973
9719.753,11482.564
3013.3,3277.114
9579.19,142.037
7860.531,1631.188
5992.936,5999.978
2479.519,4733.566
12593.814,476.627
11040.226,8004.603
9486.737,1638.485
11156.595,7935.82
11150.862,10258.991
6233.955,274.433
165.545,4302.33
1923.292,12406.996
2568.801,12939.839
10638.549,11400.442
12451.158,10114.646
4177.311,11810.587
5176.399,12875.929
6501.241,12759.456
2529.546,6106.405
5747.955,7478.052
6019.148,10347.755
5443.185,4684.559
3988.092,12507.273
1998.738,7431.113
2628.97,157.718
2665.547,9398.345
4755.485,7904.431
6002.142,1719.044
5639.873,7218.319
9330.347,8274.696
11373.534,6846.42
3730.08,7284.231
3283.671,1577.926
12645.681,8028.357
5793.464,1581.377
1266.876,6636.85
10589.566,10216.968
5712.444,12391.663
10850.335,10530.286
7462.997,7363.687
10053.556,3435.956
3623.357,6749.272
2059.381,3592.977
7555.67,4310.993
12980.162,12774.42
8195.653,11440.578
3651.306,8344.334
2858.92,4704.424
12940.131,6724.569
2037.752,4188.114
9416.422,2728.93
7863.286,1269.413
7598.745,1346.133
3687.133,3493.553
4456.308,1144.096
1174.544,10983.171
2937.028,1998.705
4908.744,7585.261
7423.871,6846.77
5374.762,2413.027
12966.798,11168.15
1690.827,462.143
1758.83,2522.224
2178.78,4441.236
10982.04,11863.84
4476.075,5651.426
5995.303,4307.623
991.223,1470.19
1332.293,9084.156
2768.169,10002.263
3017.227,5599.831
11601.817,1200.28
3740.874,9608.053
3317.285,1302.007
7966.428,5856.58
3300.518,9941.705
6368.354,11689.236
7140.384,4015.845
5337.032,10480.606
