8669.486,3403.625
5199.172,4551.755
6188.136,1835.271
2881.633,8177.041
1649.713,11024.008
10309.105,3296.011
3430.348,10639.967
4874.911,7314.348
8605.017,5178.978
11959.615,5120.787
3010.077,5258.137
9659.401,9326.198
6659.054,103.402
5254.49,12428.916
433.53,11085.328
8259.92,11740.499
10707.66,4810.463
4268.383,11861.935
4509.298,1257.805
1274.509,12653.28
11839.807,1149.869
7155.61,11386.688
1688.602,11912.369
2895.223,608.181
7480.607,8583.145
5556.218,740.382
12461.929,10342.076
3135.209,11533.751
8274.249,10565.782
9109.346,5671.767
8033.023,3244.205
2189.789,7284.304
11281.426,12122.886
6188.559,10344.275
11439.02,4769.275
6572.821,4439.354
228.069,6910.499
8523.513,6385.87
12450.983,8.589
11012.808,8783.749
342.388,9892.019
6071.799,3048.468
1742.184,12395.469
10058.59,2689.413
2330.848,5802.667
5585.428,10876.858
248.676,4958.923
5681.644,1320.204
3446.714,3590.939
4838.64,9906.956
1270.794,8363.225
4943.953,2660.47
6165.849,2350.94
742.999,10011.652
10969.694,3277.043
7748.307,3491.28
10965.572,2441.569
1421.139,1885.16
6907.687,12573.562
9302.164,8258.811
5686.325,11691.722
8675.629,2593.575
10373.709,3237.757
5982.2,12979.773
7773.306,10781.139
5522.281,303.698
8967.857,6228.768
7971.592,9116.786
1223.791,5117.366
991.25,942.537
8372.7,14.361
3713.132,4438.233
1859.103,9367.761
8442.934,8119.411
7428.447,2044.225
12243.665,9095.127
195.565,9101.282
7914.395,9352.274
11105.61,2648.633
4397.245,2180.625
10485.14,9078.515
7379.205,11101.46
3276.57,184.836
9297.231,979.526
4178.233,5360.373
10422.872,6857.787
12947.984,2995.722
9151.302,9783.002
7611.026,5531.378
6056.458,3708.428
5380.324,3571.882
3395.997,7746.806
11703.842,6828.159
2684.8,11267.14
11379.29,9529.001
10690.208,9101.023
8716.019,5874.041
6168.813,11599.107
9047.263,5673.61
9796.973,7113.185
10455.842,7682.809
10604.44,4014.914
6636.469,6205.745
12935.671,3433.341
1625.04,6719.682
12854.277,5274.663
5344.032,2644.277
5274.731,7110.907
10169.628,4957.482
10741.554,6162.406
10217.825,8291.812
3712.443,5620.397
9526.342,11757.256
1879.102,5278.804
3210.472,9549.986
2056.465,6538.039
8682.725,6457.002
7002.951,1727.912
819.456,4619.557
4627.3,61.303
11922.142,771.274
2036.512,10732.047
11356.627,6145.548
5175.239,10271.862
9787.807,2951.031
9683.015,8413.516
7442.511,8424.257
11837.033,7671.782
12712.388,8666.964
4559.178,5641.644
2624.034,6124.146
10326.357,4689.213
12488.61,4679.9
12248.535,5797.839
5402.492,3867.578
4895.344,6355.172
6417.83,9373.4
5363.834,5556.316
11985.728,5208.627
4537.687,7109.293
2100.935,376.004
6562.876,3477.776
8770.998,3491.925
7042.369,11619.336
9183.29,5592.503
3476.975,6872.805
1888.366,5564.998
1553.424,9745.697
5816.796,11421.001
11232.225,210.238
11450.065,5062.824
9353.92,468.764
5665.629,2611.287
10035.581,4634.262
12845.609,9100.637
5546.291,6099.29
11830.123,4669.813
9532.158,5393.276
7963.317,621.296
11596.551,8401.282
3623.92,11936.334
9332.893,704.248
5951.421,1257.792
11560.438,9810.103
3498.534,10748.266
5741.377,3399.295
4869.926,3717.484
6562.07,8257.973
8638.815,111.662
186.776,3151.275
397.987,10410.317
1894.994,5435.009
493.191,9250.423
7525.695,3940.177
1905.593,4219.759
6264.315,8518.355
9430.087,8688.869
4363.366,1032.188
3251.926,3889.203
5888.949,12592.635
8417.024,9005.562
3063.0,1901.139
7805.531,6115.854
1693.634,712.439
8361.632,11773.196
3225.489,5194.444
12111.012,452.52
10088.833,8180.267
5063.103,8962.071
7399.026,11138.293
1923.445,9003.355
6305.873,9193.378
4809.668,295.943
3519.555,1765.977
5046.714,3026.439
6377.328,10443.528
2541.797,7712.823
11936.479,11921.062
6433.324,11288.213
9257.853,1421.332
10068.848,2327.79
9926.109,9249.973
7543.215,8948.282
2964.871,11803.836
8323.219,3399.025
10631.988,11826.525
11908.312,11004.441
5919.225,8160.34
12561.288,10236.244
7533.805,7047.173
4191.327,6675.376
8099.686,3764.377
9691.014,292.2
1051.334,8717.504
9276.156,5085.625
12605.422,2245.482
9693.202,8645.126
4008.065,882.627
5593.827,8581.42
9842.189,6299.355
9651.673,437.996
11119.788,9885.372
509.066,4904.917
8721.827,6671.103
4568.818,4906.45
1078.947,7642.002
9928.428,6476.605
6.598,5060.453
4655.51,2516.334
4888.362,8847.756
1668.379,3813.9
10839.042,2329.278
5221.62,5927.699
4245.344,1730.203
2849.818,9190.132
3673.747,3041.171
525.774,7482.088
84.69,9679.853
5174.533,2555.675
12197.5,8724.186
1192.755,12623.519
1493.191,2394.585
10260.976,12857.913
6867.133,5032.004
831.051,8301.15
5636.234,5713.6
11763.478,8776.638
7140.763,8544.272
1663.697,8600.098
4381.751,11591.687
12554.055,1674.381
11232.312,4663.503
11964.416,2324.09
8960.925,7330.576
9952.291,4018.362
10350.644,3184.65
2145.037,1342.92
12966.425,8713.858
6840.42,8751.444
6818.474,7197.569
7453.166,11500.356
7018.191,7610.365
1475.101,11578.7
3493.473,6222.843
3098.282,2894.138
11558.547,9750.176
8920.473,12234.255
10831.087,10047.959
1531.914,4461.523
9915.063,1679.864
10064.543,505.857
9256.106,11771.006
8497.049,1607.374
1244.37,6082.837
3622.138,2815.979
8739.861,1171.239
4726.979,7758.056
7213.418,6010.617
9239.211,2323.304
257.991,5009.147
8266.264,7426.487
4799.347,816.726
6438.093,8629.155
9136.224,4140.381
8770.126,10524.623
4933.591,10727.063
461.197,10427.714
4658.719,8168.667
10551.727,2427.693
8190.464,9819.372
10017.113,5691.635
8271.693,12867.121
2003.7,5953.665
3253.392,7057.213
3071.875,5484.904
1376.862,7763.689
8414.299,12034.429
10484.398,12599.811
1121.664,12600.991
6726.873,10924.598
