3254.086557836776,11742.787384351588
664.3435298802574,11161.139329991453
1049.0705976661675,12709.68674024556
3651.202919635278,12045.953165796553
3927.046725123321,14485.590737020786
4815.416151480017,13194.496642125434
3712.3055739841225,9632.478254848304
1873.1486914554525,13680.11351232634
3872.814050571775,11860.4376220273
2641.7427156755566,11413.461277994149
4415.088102151809,12339.52246903831
3371.6345955695347,12446.649381582332
4742.551913775344,9576.737454649137
2770.8792739661335,11169.550307931046
2822.2118824276145,10935.307375471457
4576.231387021486,10879.319512051683
3051.5016191205864,13081.097970628103
1634.8655687384596,10963.202199314623
2109.4534960010988,13010.082977940163
2857.244617782461,13231.724642666042
3042.6920517148305,13708.476237081937
3670.9193376825397,12984.392397351201
623.0421945880935,13446.437537546884
2721.5870782189595,10319.794547464217
3658.6737397154498,15434.703980875782
2225.7997103686957,11094.120736629518
3899.542475691879,14436.698869504555
3785.4267634385033,11422.801585375975
2678.2359412102815,12086.531817012667
2261.275850925445,13197.071291204657
3069.120738419834,14099.971321623081
3816.9909081458695,11990.438456571183
4068.4600528685337,11853.030410210646
2168.3798262989867,8862.683964436615
1627.2569407203373,11840.391957622769
1368.168002213324,10528.091464489757
3161.0397957925543,12513.896347646803
1377.1696865913902,11827.387592439007
3846.5736550657084,13195.728323738054
3099.8586684463526,11523.13941118061
1924.6033666885642,9850.512774257031
4065.5198208435677,12551.421794435231
1383.0385214195721,11687.722386706155
1704.8610424847154,10905.092183828147
1759.3621449655445,11848.44629412636
3422.2006199449224,9963.531056087611
503.6442417853177,9182.652048048029
830.4661666486527,11393.50894275901
3293.257142567329,10282.525274113303
4189.471339069277,11559.02337409122
3510.95834202727,13297.715242052403
487.90118885503216,12100.152877805707
2622.578303486197,13360.757091755804
28.794607920062845,9780.582208580206
3064.316430973873,11665.343798681924
5115.070402498694,14709.461759149743
4749.083988759778,11571.511313412717
2603.9649450243396,12811.564110320318
4118.620954193502,12190.79402210958
4071.078807276491,10099.201792458593
2433.1360228231133,10675.08808329537
2481.755515197086,11027.9167567985
4314.825110272941,11497.796626368377
1652.1165510312983,10812.831527024186
3155.428335689639,11373.641449294246
3862.294741446886,11152.989161040261
2676.680631371162,12100.569458931246
3270.8076134845983,10405.767633174168
5304.6328199413,12765.723633488626
1943.6872564306204,15783.39898703164
1308.2683585002815,11489.460771271248
5403.309442500791,11373.759606453432
4122.60544653843,11959.876836401629
3746.1060793253164,12718.605610796929
2112.8335989103493,11704.775087268688
3311.9822917117845,12166.046774716697
4075.760142475328,11581.875944316584
2626.7376255723657,11394.168217662114
4266.798418040247,12944.170494747725
2812.2833850331795,10827.902789596335
1824.9750339932518,11770.673789575974
3316.962508309846,9634.545906341937
2237.2101637238634,11065.599208979955
1263.6646990936658,13058.591762875381
3513.586096653711,10439.452733247532
2919.754523602185,11166.386375273394
1885.7471557253161,11141.31082386756
2413.086900608818,11073.754944986676
4201.817835076588,10750.779060953722
3009.4437555329396,12845.457895093992
5357.51397248078,12400.591957923072
1720.6231456223609,12424.089139052461
3840.9948091034203,10802.686813665969
4786.152061482425,10121.012151029578
2831.3667114690425,14751.381164215833
931.600391690295,9611.189321119513
1274.308194610018,14285.296084461153
3428.546804042329,10850.011584839296
1604.10616295569,10746.825568443894
5672.194880890716,12702.670654278174
2811.715834537109,13150.55998682239
4370.190349359529,13417.584384358284
4823.4830894285615,11823.810091992731
2457.63055559897,12031.124135046179
1947.790652818088,12410.312987523032
4565.414664975871,10805.373874449142
3004.800584697965,10701.773345090978
3525.8738530473224,12411.740452619428
2262.8948827582217,13314.232246530193
589.7892031826013,14213.815560827443
2221.1396401847014,12448.590631808545
2266.041368171722,13257.611474207013
4400.413051984149,11873.531464329417
4492.950527859584,11099.300652193982
2052.978312739779,11340.69976254147
3723.1986997971835,10082.991277709178
1942.5004382582554,11898.638677355337
768.6875493415232,12470.029109755498
1961.4829084433572,14103.169069952872
3096.73580043612,11455.8448130678
3619.169451711061,11045.874877031238
2119.353988380291,12410.570370212312
2845.3300945003866,10851.653232293149
2901.849823104217,12847.160017829216
1897.285846523968,10454.27891569367
3028.395516345712,11745.612174588914
4048.683868968513,12724.535953788014
5025.663333585649,13205.162653951764
3210.042508368416,13246.413736750925
3613.109952451297,11070.925663639375
3932.264271227803,10980.852432405378
5300.439303084875,12136.655974876932
3131.34710781865,12949.307435054785
3329.3358312097994,9816.179630074776
1607.129649933025,12106.485462047985
3568.311184784414,11898.304244475907
1510.0543686170486,12090.651094955792
4457.840008199939,11930.727134057594
3455.778337508835,11600.817095850214
2173.4580585423546,15694.719025934297
2717.1218412477724,13334.07448220034
3640.3185788429873,14472.43224929988
3863.7516320655545,12605.382383964114
2754.6809524246873,11839.001071060806
3630.427258560859,11524.786304342035
3228.544442096607,10196.132498502426
5831.351261872637,13323.446730192374
1688.6628733563855,12603.300836078875
2786.3449489978248,9340.56427726777
2600.0118413415657,12424.608259479304
2609.7635846725943,11895.707284323167
3446.8061924097647,12695.782302826035
2838.6990041831787,13104.532344349027
5096.435599204758,11293.494185358166
1819.3423170490848,11605.839014081479
2832.42798367604,9854.087072955288
4467.720819375383,11815.735430048191
1537.9868646274604,11459.996767901237
2417.0236789879873,11471.675173831245
4408.804857652311,13585.049753049143
2886.3720028956213,12178.810647820415
3741.6734811563592,11194.457717053105
3958.1163332710757,12396.673862988197
2286.429744491958,13051.13199861853
1492.5238728294205,12839.954857501
5538.921399747936,12219.20771409136
3715.5548471822976,12068.679060141267
2195.618235776565,13359.26517609124
931.6054406892636,10610.956543360597
2255.2504095438867,14589.132988063815
3519.956284275207,11603.655539095193
3159.802776305937,13503.957449638736
1726.4905131193514,12790.700019376329
3426.915260885454,11507.2070233161
4270.647785708323,13802.533916609838
1689.364027577638,12787.034428820278
4547.383133997208,10138.41466682419
1426.1543667084027,14194.353617703448
2643.15455250046,12790.477702130847
2977.392304353427,12600.60687478374
3451.76506962199,12034.116604777084
2908.7439749229666,10732.417904607873
1057.2884806544898,10420.976990074307
2491.987050638887,11742.10407281043
2678.7046117498166,10516.904187457603
3974.57638484457,13103.18066610835
4007.6956258344335,11086.462358673136
2609.976092995421,13367.435892313944
3904.729666963111,12045.462270388494
2299.844202996204,10997.335985273761
5741.688348535721,11176.766600080675
1254.9628477748438,12736.024350839416
1656.2929474733055,11219.724558105137
5386.180391179158,12052.944022764705
1426.7364492420268,11922.087862229906
4439.501380101886,11795.103347409711
2388.1259691457835,10836.849196957786
1746.9740782559825,11600.573303457371
3761.0484673663923,11499.970244673366
4778.999341478753,9755.177573181303
3452.9265495133,11164.140549215008
3658.6455065262553,12817.975553361539
2442.2537208846834,12023.818502229125
1936.7431319969187,10777.556760358533
2882.159275060923,11801.976580116709
4340.765490020013,10847.598391358033
2646.2215810057914,12183.950974300462
6803.632428898034,13134.93811934633
1406.1982469603784,12889.963769812928
3873.297397371721,12432.908452819558
3962.283441797706,12469.349071664514
3847.986213257304,13259.344861742178
4047.7608956837103,11585.329224546898
136.2170133605955,10721.457964893525
3902.4822467575373,13273.098895666151
4451.2718886961175,10627.873014200644
3032.56074250111,15168.925887318124
1662.0574558932651,12352.528323677845
5500.310192535002,12259.868742201144
4802.213189799047,8996.325662474519
3628.7733617990434,11682.155394071531
6268.35487138027,11855.073140724611
2200.6528442736117,11453.327244864366
4622.795257033536,12300.920652670047
2273.9472682263795,10952.444418295516
4156.538238786961,12863.031761682667
2479.74987585335,11121.816724312675
876.4513070724497,11298.176408226502
2564.584024706433,10016.138506339807
1841.5782824034995,11733.735138424501
2227.7686464083113,11561.158321275921
3065.1429298586904,13428.865693259559
613.7854274657211,13066.136215646584
6273.237295772883,9533.777671724409
3921.8068723860965,12268.692989551608
977.6801040460855,11922.359049152104
2694.6493675474326,10872.803918213362
3809.3443693539434,9494.292076184745
1139.9884136526043,11892.680618663328
3337.7206662158915,9512.291834025722
3333.5476662877372,12304.226995779105
1961.366551557401,12227.260386442338
1916.0289693985221,13305.489534605334
2957.450989102398,14446.184883620765
4781.259059972726,10879.41311233143
967.046110744931,11566.736362109943
1879.9417014136177,12075.967400167281
5376.689341422925,15065.14868947646
4509.244448169397,11564.061866518028
1549.614676520626,14746.434498568722
1407.5223082607818,11940.940784982158
1765.5468587711127,13329.432747026107
4118.203180973239,12245.939003165673
3320.719446736085,10747.036346837413
2897.5657965704695,10803.734750623942
2618.0771607079605,12997.551007509652
1472.4696189248173,13132.130825501794
4027.6563649651457,13857.389092405254
7001.364602264239,10109.210886512219
4266.5255683087225,12964.429576055827
2915.2529436681443,11742.060849165795
2708.617167548812,12289.489311921534
2854.9130392913053,11545.40584256566
1504.0486406311127,13009.486533578303
3481.4899277037125,13690.49035210456
817.0163885454031,11585.887382754021
3985.0857101678603,14733.166546835999
2145.751280761741,12757.776952293023
2604.297205200999,13238.729474091619
3904.6209851116905,10934.65520962765
2961.7637664012072,11730.752355174287
4732.948616612584,9578.768419303271
2805.5911839875166,12199.589159089895
3583.3562300492213,12133.293636323213
4686.768395283482,12183.721125751616
4750.931057138206,10439.47178801883
4041.504579719772,13353.771572945872
3005.5159426252735,12920.982371289088
3324.076220456239,13106.38374669763
2490.5910411459868,9876.211504142655
2144.9965642672287,12732.52448726198
2378.255186737401,10004.340099146415
5838.556403304405,13727.173426196132
1426.1062469799024,11693.965873614776
2810.7074150038143,11007.102827676383
3986.8642549530505,9759.964109841616
4397.260139384121,9776.879234751856
4542.519098301806,14206.207228675545
5744.123231268086,12881.02495599316
1733.0570563562273,11410.724835384604
640.5006089126118,12312.236719478024
2246.3158212315966,10138.983465157537
2104.7361517074714,7249.184723898702
2124.5780623011033,9193.120575427296
4123.730523873696,14617.250156818642
2572.731669722832,11162.28861210472
5954.676273711797,10076.425401717797
5155.2251349343305,13112.04016703454
2966.774467660676,13210.709102823299
4684.821613817544,14920.751695883395
3522.418694219059,13689.646796684705
2950.4090035030526,12035.081406329205
1905.692873795131,10461.054404610033
3895.1834557076854,11616.004779320874
6761.968093029593,10455.460550256706
2389.9111506021964,12159.0634448777
2006.0971070064163,11195.645679441503
2581.3164739389595,10345.658317127845
2094.25849887358,14521.022219845492
4179.220324401535,11689.913110801674
4576.74015060207,8864.535661849177
2120.685568488932,11524.026821623022
3255.646720244035,12304.78437716091
1296.548954757499,10935.340938344623
6788.833567033519,10812.333235736289
4041.616696141367,11551.094561632346
4460.06071430016,11125.1932196795
2648.8824243705863,13772.537713041494
3192.717732146004,11361.353157100952
2240.8570883496504,10431.439428458409
1794.9918365311673,13721.486518848205
4932.457108189339,13298.73239866358
1380.9115431110592,11092.480803135044
451.893519073481,12021.963380217268
4038.4258471681483,12829.031629434518
4199.960095057444,12117.060643041717
4864.159263188705,10839.11335814523
3481.5804921747135,13076.58465399707
4308.6522270183705,13481.540787424794
3085.1639703158935,10583.618778919968
2376.6099053572107,11372.340544525507
1528.6421146494686,9244.284785451466
4105.676830189519,15863.375491801076
424.24369395594886,13508.901886511181
4310.302404719267,9618.539752356839
2810.2972216602716,13378.271507840522
1949.5074364729114,13023.371880630515
4161.578418725906,12560.774536897794
3120.869129093694,12270.642036626465
2777.855515323799,8757.393676329139
2988.5627269157562,13355.930354626675
3122.139090140102,10918.980255382467
3721.64591068116,13656.061244996523
5579.907844544552,13129.697138273057
3417.773791900387,13011.173651527812
2579.5646336055033,11331.834645616513
3516.628138778972,11667.374766755684
1807.6379999277347,11069.727983463297
682.7051605876973,13848.000630308548
1188.0773634296713,12123.541785555963
2742.9731699699464,12629.233381377839
3642.4833637976726,12666.310812128238
4347.942957179906,12499.812798996376
2692.50312388231,11245.034905598124
2253.775512491784,11391.322035081681
4768.761860381299,10296.911165231566
2521.7575594340324,10820.526758628524
2705.097968500955,13781.027298142797
1684.443944161523,9829.152199966637
3251.911501374419,12649.411477096934
1714.798397128091,13258.432565458843
3536.281427888281,10746.039888890222
4177.851243640428,9396.759370321211
2812.8472798972566,11689.6019953112
3142.7141272821223,14764.021904677538
4121.764463881591,13029.387640621197
3724.006901029014,12760.252364625243
3407.8016514093547,12488.047621004986
2385.0775685793305,11076.508267438154
3897.2995498408527,11620.632647318707
1195.1439625935666,9734.79327180379
3783.7581266238194,10654.525433312238
3174.7125247293648,11843.057187454822
3706.869716367589,11633.510530849497
2714.9449012344885,13014.440844510435
2391.9659151140863,11429.415579725715
1894.6352213397956,10283.897066590067
3730.0172496104738,10048.057773742832
3712.4685316326845,14171.259032323795
2919.875651023221,10859.79979017425
4270.005599318965,12078.760420756824
2347.7537960776226,11610.072145036553
593.6941714140016,12956.327780139756
1657.3901532825332,10837.17273833693
4198.325686339281,12314.578707683355
222.29690063390944,9488.1053521682
3459.5674850937835,13125.786280313925
2954.354468354936,9076.138474774289
2652.913161646238,10378.332499460172
2636.988092610651,11479.814600366984
2696.8131919177436,11937.838032607093
2237.593342685565,14356.1447198416
2840.2094853853496,11105.917377600392
2099.8694757053436,12009.831786660568
918.0988599919087,9387.272622698247
3394.5862448257158,12456.03525795527
4404.844230158775,11101.821764373686
2559.4710675010692,11288.771304850663
6091.505286631775,13590.378138787386
1467.9738700434284,10912.99130353658
1498.8834963061315,11532.200175887847
1321.397803036658,13295.246096375598
879.8509439881973,11445.11083972652
1271.3609129625074,11341.667915369644
3592.6369481900615,11032.555302622577
3267.4525470337585,11308.942918438132
1757.4617312319153,12120.962540040353
2983.1323348316578,12795.724153846502
2111.676638695588,12984.604505375695
110.54224563081925,12347.705414509323
1507.119171319641,13882.73385489979
3812.299872397599,8563.331870618087
5578.220529161805,13151.233655404876
3951.05789552476,13643.40868307114
1675.1419850452453,12398.601481071335
3059.5338891873594,11072.551095785268
1711.8890044117718,13914.643494245212
4142.004275655101,13552.451785083393
4364.758330431184,12262.326840682754
1483.5731238662174,11208.069236388426
984.409607897473,12260.413555618401
5213.042292263779,10071.090217024921
3317.465951556761,10571.665795576931
2397.885754568895,13364.99096630068
2624.8752762497943,13489.166916883762
3378.817211407791,10819.396581162826
2881.6189832029527,11233.934830887503
3802.879998730489,12403.119819909343
1482.1132992723085,9394.449398371527
3415.770862755796,12788.37440376796
4882.702988981359,14947.841493726377
1961.8177592995212,11220.946805613536
3750.0163243955417,14067.909599655053
4215.973724864623,12645.886901547658
1317.1302894946966,10554.58800412531
2663.403281963855,10447.391414399017
1995.5569982247116,11090.335941384104
4689.172134361944,14516.696705146218
3832.1004946055878,12693.951508745471
1479.680884226909,11703.501815906075
3375.6097494162095,13765.181004746439
1834.9613340316555,9019.481490856222
1378.2216702166152,12651.292166651576
2869.502200726826,12150.415885627233
3817.8476896255083,11047.969637101785
2433.633439954555,11960.846031018214
3554.205567827574,12516.333065501212
5365.905922174289,12369.147969930696
2631.6532205305693,11314.875989715501
3497.900406512303,13721.768342970005
3490.6880441095645,9969.711060791951
2108.2297229848473,11242.140471637353
6555.300505342466,13122.671772691421
2907.9168218728796,13691.918371640571
5450.835912949273,12903.098132982146
1925.6093037603391,11132.4091691324
2063.7121523470387,11419.008774978754
5588.108621172846,12077.733828546456
2162.1532536720288,11472.788518369247
4311.076244136989,11870.73392596501
5229.245370810699,11253.768520665522
133.34631515811952,11752.540707972268
3606.1838987525352,12560.283058804822
1781.1230309616199,15757.231828538575
4069.6614305916128,11195.107490323267
614.8620893992115,12503.288206887291
1576.185552369569,12873.449116447926
3026.779321413668,11823.93084120205
4982.697136551275,11861.265675297907
4770.533602827741,12670.758580221529
2832.5730329558087,13898.268380777397
3805.3413527933108,13341.214632682932
1742.6193715527759,13846.446962169039
1534.1706733260926,10280.713818494549
4651.60262847623,10300.379052814274
4401.935412406356,14750.816076527353
3381.8107712372253,11181.0454101713
5099.112100200412,11758.473676973346
5647.105727424176,13593.06913842375
3006.151346819018,11352.324862064308
1041.9148457640508,11484.63470445297
2391.595877395327,12337.974818420495
4321.265701818477,14553.427163593022
1125.1263610690744,12779.359389382838
1940.2329493954778,14336.292930009347
3811.5263024656697,13239.093888732192
2525.0229876768285,10617.24364132567
3496.486611911135,11542.81038394388
3720.3715836835927,12682.51099546944
4302.468525613721,10313.429544239923
3419.9248622698997,12818.559034624534
5649.957396617423,11835.578314632716
2317.347626896485,12082.336639961346
2470.204987973042,12018.792365055695
5942.219955766355,13422.683542337787
4005.149276825202,10389.79674103011
3586.154151777162,14026.954683172818
3722.3414060867067,11554.809625051608
3485.9426599063604,12735.968657478803
4321.781774983596,9666.885898321128
2145.7791104570333,12108.753268412273
3724.899881659358,12084.729074679932
4075.031465076833,11634.612758911702
2273.897669964312,11433.406495140945
5159.469358627115,13885.73782130578
3238.1246189415547,12439.205107393123
2458.2852818979454,13574.529598081925
3792.3686260672025,11467.25731444959
5359.697460555319,13695.341818209286
5539.173612195125,12548.54544598515
2963.184012268122,12354.238548304196
5259.560289090094,12686.235280361641
4745.886713210794,11763.541366323816
2500.4529700254643,12558.401876599399
2037.5741023312287,11627.241597514403
2371.6506985783367,14173.500011682852
1304.9983682450738,13009.044814301027
4089.9675102115116,10052.088621746627
2649.046445459042,15801.0
4946.518293063966,10106.925334532903
5664.498035814737,12461.248182426887
3062.948524981416,12406.506987990862
5742.805449443536,12231.840334592636
8213.158747352392,9052.904668732734
6498.591844025903,9407.67003385507
5715.494215517994,9307.349399241477
7059.653056303612,12076.608683833514
9411.099081598426,5428.011029078223
4906.508535193693,8684.206208660467
9332.142286355098,6219.466536678848
7474.630044179955,7981.533484555518
8994.106516823955,8119.226502286806
8730.390778346242,5388.906107186736
8939.972522423222,7618.131176667847
9154.384654791165,7562.545765014779
9715.706601113025,7769.720701586338
9142.909136498307,11192.72127810979
7741.220340908605,8800.547728501868
9979.012878642709,6305.374870562815
8836.573334696257,10331.11468758112
9826.829919665648,5973.29232238418
9685.304206050921,12191.595139845806
6956.2558194825715,7173.207155035017
6837.554458434309,7190.206044849671
7339.105597615557,7922.105240739912
7642.654757481197,7179.876509213917
9619.730666220508,6682.621195593598
7768.241935729768,6521.884777547078
7589.162861399084,6749.035744605277
5990.295067067979,5734.332793983676
7893.781702268878,10043.274455680668
7653.335892032766,8553.043700113374
8496.5112853025,7409.70431562129
7224.230068067106,7938.871210634592
8814.919291925844,7904.060280666859
8341.945389288623,8788.293563663561
8739.172875355938,8647.791156761068
6380.545442810323,8265.933921570857
9355.861170458764,6272.516932779463
6595.387042568743,7976.24263349766
8759.122259738882,7545.454018454206
7769.004060162012,8546.249421865572
6781.406363588454,6498.391022760257
8951.216872064904,8968.811397764335
7092.238386578058,8835.133015533384
7105.451811535346,9392.975298645186
7060.397466375568,7799.9846181782705
8666.17189986566,7263.907564538951
9164.451550862466,7577.079889515721
6365.436153258543,9575.928848482985
7907.45955123617,8234.91438705955
7739.097171916139,8002.153999219307
7783.436346023751,10179.741758904109
7316.529331026596,8880.25726526093
6610.123568938009,6551.575044845602
9762.923572125135,8428.61768922021
8127.374338041853,7320.5454746546875
5713.452488150773,10087.593527670484
7613.1994301211,8405.991908239337
6701.046725124981,5765.500510937098
7217.552486954905,7670.655533729148
7925.452616849632,9368.768619274975
7797.1947776036395,8337.324187154205
8281.031416073813,8634.564905449935
9928.713609211445,8165.874344092868
9002.659232318558,11550.382603151933
6679.366636455505,10059.590036713851
6845.540372689339,8245.112310384893
11329.756250085187,9418.26562932674
7769.989414144231,8479.632041311135
9230.604837384326,6183.365593820717
8267.144259869094,10432.404654813396
8160.426525099911,7792.550922503457
10360.978469442281,8672.42101252103
6814.574390834178,6460.532103424868
7896.963530001547,6713.691624224531
10844.067182701998,10248.930251457563
9138.765341105911,7755.489482288969
6486.653890105101,6126.531015668918
7408.663827469033,10321.565884320034
10616.421677502205,7208.079115481059
7084.079946747785,3931.1270984909916
8683.168234573812,4793.551147957585
8066.124765979134,6972.338169210171
5737.574468930612,6240.030275740863
7992.109558820452,5609.621781837197
8489.193083207721,9803.042546933319
7729.61837914473,9683.946270253407
6801.309450213953,6598.660583676348
6462.093651366715,6812.272731443613
10735.888336153825,7728.798595283078
14053.918292506176,13796.90813138553
12898.040807855576,14127.64927505383
12789.763602952267,10246.767655425378
13818.867688082762,11971.950358099697
15630.0,12049.857015306867
12469.20548448793,11494.6587012651
13399.662805046382,12974.235411899075
11354.932772130645,12323.563766882653
11603.790101515267,12635.847880861247
14963.846645512604,10061.327866953437
13148.66946526827,15869.0
13124.737289713852,14136.62022015076
12961.028625415001,12260.561372433001
14651.94372892736,10150.333513323496
14587.313631805473,10127.502357355082
13237.208667220826,11095.945650506652
12456.680458170656,10933.332753895742
13042.377184939889,9884.527282504634
11607.930015123246,13642.777001649576
12974.212444547706,14910.65098486663
13789.315900614212,10252.06889182073
12391.334607764373,11323.283036363322
11694.611541762155,11119.417767127889
13698.461973692914,12820.354221428552
10818.896860936766,10720.500893566645
11548.425755492075,11266.444572288452
14199.90568625438,11611.19464382604
11985.556930647763,15986.376349826534
14368.77871112475,12144.457343080569
12221.49572638675,9063.984495475801
11976.943425508618,10014.40291187097
13278.330791009825,12849.689446094473
13868.32728968911,10447.7641498475
13705.970487501841,12705.616776286864
12678.08029430347,12355.90338738363
11298.17724006161,11404.542217473121
13945.950593472637,12780.483828495162
13580.701508646935,12932.512464993515
12775.260623807775,11809.442280482248
15794.0,13051.2207684569
13194.287698965378,11912.344669713064
14332.612272993141,13434.577191775395
13308.816553507213,9811.867941523378
13385.938625931709,10090.607105064413
12785.407738606476,10604.213877350105
11877.88593395565,13981.993287603862
12596.205764501094,10380.35543163643
11809.400193300598,13154.282850606893
14533.745950725539,12034.08282301308
14203.056663813688,10970.086566071028
13153.802873437438,12801.996943688091
10623.861412131444,11667.680597408522
11557.57763579617,11434.088049235532
13556.784877382197,10980.391659317836
12685.669900965311,10584.187685485307
15874.512257428603,12214.335277724542
12540.81057027206,7754.393911942334
15218.504079671648,11159.330024414661
11460.807580855431,12037.686408523634
13404.515306037438,12421.436185977971
11141.98431050303,9664.503998302407
12165.56067297652,13762.46533255413
11027.033698912084,14632.915041262486
13833.843950020693,11120.256657267786
13417.412720474207,12268.118442321813
11370.775306381642,13851.886401499489
13064.94205960711,12066.324029260488
13606.725202428855,11013.57884108956
14939.507850814029,12562.718580457495
13048.787137658264,13096.991101896388
11122.080701256005,13003.62842271203
12483.65578263789,11566.319112457884
13416.932213072027,10721.169446898444
14094.15569979699,10484.849140875736
13079.150499957352,13672.654136957592
13611.067543661908,13247.875100773092
11707.43003277828,10814.353883192076
12067.238834386473,11195.070327115796
13249.524348355728,10029.048329499301
12027.121209499264,12245.48479576474
12122.613646443398,13973.70674168762
12847.463529977193,10284.040973733165
11919.801347537888,14811.14703946543
13456.650341766743,11497.926115108996
14653.874906832998,11597.726951823448
14352.781522173187,13085.06142946407
15070.86172033147,11607.314488058426
13501.869732020337,12994.028592456014
15656.427077891192,11266.22764126775
