3780.3953397781697,4667.098771196663
2868.465972151637,5831.240140790134
2251.158587463242,7005.168879919696
3737.8330658217637,5250.651759395217
3761.7152560375966,5677.799251651892
4188.8608436994045,8161.454645020296
2765.270774944519,5694.316929352322
2808.612679695749,4324.518690985362
2279.2983628973543,6799.179722379622
3451.0185403609094,5168.617181869341
4187.386897104602,3370.458353309339
2850.3345510657646,6337.6722216141125
1605.6494662617265,4143.101867115882
3439.389419908204,5065.168255819522
2840.2296930664306,5700.718893164296
3213.555551478875,5041.918800007831
3213.218091821252,5660.3393838430475
2404.9520079841977,3572.156285024359
3013.513263739968,4152.649048711704
2645.7808533882753,5132.400969597716
2324.5144311783497,6832.665819798648
3084.0811801883356,3313.6133661525955
3091.569829277795,5490.778710383897
3276.760523807522,4798.969863331938
3028.528110996049,3558.1594900312234
1131.3946916401394,3390.676107053405
3885.993110495479,6140.9807083568085
3862.058027892752,3983.652194708732
1595.202462359571,4867.644459765769
2925.0628322947323,3674.5851111217135
3563.8203972195847,6267.817561024335
2408.5817280326287,4030.6768704135698
1986.5816745852394,4772.738850120416
2345.265723095657,5945.17718735464
2487.499361631201,4708.252447198728
1820.8121405639567,3996.6891839923746
3333.189827331452,5819.9092809971535
4187.141151306504,3957.446024841318
3632.0321360868297,5294.0181464691195
3224.7818969084,5118.403633381291
4522.072207579579,5499.973038268206
5229.5392388143355,5034.045596304194
2284.6666932040107,4710.451533162745
6159.361053373624,5006.233649418313
2508.4576781098754,5604.35132647687
3359.8918782145706,4770.69828847672
2157.9682377991326,4286.277065021041
3932.7542578970206,4841.812061830088
3222.323143857945,5086.360611061336
4425.85867168537,5726.776063433835
3173.1411762205475,3696.393152172232
1789.7392179471553,4867.507392858257
1871.4492583029034,4824.752240167155
3916.3304569307843,6145.161616696418
2470.1719130030497,3546.3122974788294
1486.2565726170967,4580.513546912511
2197.7677997209344,4862.875307435555
1210.473302143435,4697.520461361828
3215.2705896923635,5059.7229457333215
2734.865247970776,7049.178969889661
1093.9896695955044,4085.5273926283708
2730.2346561952804,5572.3952737022355
3309.3993215567834,4709.211637238206
2329.6672505453084,4971.286894465675
4326.845408065115,4537.805558482243
3127.776469897499,3580.6033505609034
2278.2416090412494,3644.0958574071183
2756.185761567431,3960.1454381167255
3896.5327527103755,3853.216021180761
2650.5301991860906,6394.254511454726
5880.293590071313,3733.055149310882
4339.716021080697,2319.256424044463
3087.4777638293695,5940.335266513472
2330.0805383292873,4766.869151776067
1699.965944174699,5524.975664970829
1997.9599645916028,4698.4569338007705
2422.9757352840625,4569.9412511983355
1142.565887060857,6292.5128247238
2677.5103039912756,4720.203877012688
4587.950212271004,4633.188795211112
2544.1688445692494,2631.5609516472755
1560.7703311252706,3111.7360606776056
1885.573758657731,6027.148499027338
4029.611535258764,4260.884886006041
1530.7341506560385,3179.6359788483032
312.6064785916815,3978.539882004924
2692.96219640307,5798.414075060642
1943.457812465848,4631.322122253194
2217.082368180201,4806.81960012946
2609.587139912637,4640.562863465757
3904.25522818828,1578.7543425849785
1736.5816077634036,4065.639323764788
3787.3639410836176,2835.9169640987784
2906.5756179616724,5104.953064797965
4301.54050671193,5417.12898042338
3099.203435721346,5065.399368084658
2372.4257249284433,3345.000736264584
2536.7710196701405,4208.696909258341
2442.2687157425185,4509.601546851719
2352.890086331375,4148.831181660846
1983.460616350203,3978.824408437071
637.7755246271181,4330.707642302952
2541.1258278379064,4724.313302878922
3349.9526922268924,3456.189500446985
4641.028389064948,4411.963985772754
3931.105294171895,4038.5017675426884
3436.1045354757925,3737.9841465421086
2832.9684549416897,6964.962280200014
1647.493640026106,3351.319104371655
3521.9626839755183,5963.4883222966955
3694.5535684397014,3713.606291859592
4840.089707928172,4643.837623353695
2062.9490724319053,5021.121339531079
1823.2580034706507,5001.826805233263
596.3231777026904,2659.744251513248
5142.666368180611,3593.543158946868
1790.0299563558617,3036.2934309583416
3241.948020744263,4572.311361452036
3581.1021625109547,3473.63182192602
2232.9759963071747,4767.6147983756655
2414.729250921479,3810.0998833843355
741.8604708515618,2941.988261971105
1225.466162502965,5859.4205681279345
2397.5299121721246,5316.032012311974
4877.72923923569,5111.979033834443
2346.7047501550087,3876.0451034074995
1815.2275300807096,3275.610744513211
3168.9157699063417,5524.932727735506
2002.3965670508019,3319.4485219797198
2757.8471012926493,3257.2189199683116
3368.1107715669714,5483.696810443595
906.3444713744768,6307.240048277676
2073.402231337551,4912.755330896496
3476.3221097975743,2103.218010003011
3376.9373863993824,2626.0627226692127
1066.6549584886777,4077.7552628611406
1258.3061787090746,6287.107503013937
4150.348792302062,3949.7161670878745
5023.359024234215,6422.14501176855
1458.8672348572045,4120.577508928482
2278.102724658154,5248.17390609277
3807.800659957383,4654.513672717541
3297.465289844893,5993.19680280413
1581.3691820539555,4624.187371837021
2790.5775514568068,3596.693988777014
720.0063796325139,3622.4190383337755
4064.807961459582,3475.389741660476
3869.3420723192094,5704.479860341735
282.7588280551099,5106.104597004945
2137.0554407996174,4102.419915042481
805.2073697693456,4367.525900777175
3024.2225505592705,4112.674234997045
3418.466504111459,4775.912767780222
2427.6775033979193,4050.183826661369
2865.9866190939215,4371.329303084536
3014.5018114960912,2758.9984138744912
2431.371493399063,5754.441868123593
3607.6824392793924,5229.467578704919
1654.2549507214774,5289.507708112348
3797.535693057984,4604.911200666217
2220.116361865556,5286.479412974962
3813.2865330349823,3497.2612222739326
3039.4070714439267,5685.9350162717865
1968.499964638834,5399.141714361583
1664.9137990441275,4638.430980723978
3154.044104757294,4387.965724725283
3366.8512694621522,3295.8577349981238
2013.5243653218363,2651.663378501097
2688.940175218869,4753.697827790368
2418.9191066984276,7422.758645900889
3323.559893131908,4282.960780254143
2885.8463556049,3071.4082727253926
2928.134521789028,5453.8703438437915
2026.5727622348636,4458.278673000723
3329.682627183049,4332.876843679562
2544.79129687402,5348.723268058624
1861.3035444678626,3189.057590662984
3517.391194857695,3374.1542254660494
2023.0630116574252,5065.112437665428
4354.348122384653,5974.6472935928305
456.05479987995477,7735.552415654707
2371.5598889066227,5085.8871722674985
2491.2993922202636,4453.466814611005
3600.3986956449507,6414.660576860223
1408.993071310161,4054.341406930906
3055.449118171442,5165.244737995998
2333.6210332009855,5562.538380133356
1927.0500625342083,5276.4617706263725
1580.7991901912847,5367.7961512569545
3928.558999888549,5866.616960543407
2695.9807620126867,5691.1608875637785
3879.658377061035,4361.2817011159495
4654.626473268533,5254.267360635628
386.1508229376018,3308.230800232085
2710.3968653447905,4424.796899585857
4685.872406434469,2748.3997727326105
1926.9725607463988,6713.577349223689
1600.0175113954997,4832.991544814438
3041.574303214009,5911.74031260602
3915.216143426047,5097.879438142581
1753.080084401993,5501.190875595454
2054.3003719388107,5200.41318389609
2752.8212786372455,4259.613800326013
3086.378434883057,5884.383910600909
3605.292066091438,4577.233664498679
1570.5499968674408,10521.530706726462
277.67130436192565,12142.760705486256
2514.733348498788,12023.897136639476
4258.920418129464,12664.46435557202
767.8017820743996,12391.47817952197
3812.798376473053,13744.228584476758
3160.3996935488744,12099.407912146604
3090.140351442537,12448.26414169876
2950.6092549516306,12832.236866978266
1258.9406801163125,12043.863618244863
2675.609230196469,14709.486557177499
4732.350109026149,13021.58545021219
3986.7828599204777,11553.964619001134
3134.415090885811,14512.0
2601.6232400341305,14401.197151552073
1690.303607571964,14881.0
3416.2938550218896,11782.741802393944
3986.4400770116918,12105.542793116758
2494.5783643992427,11975.864425449336
1911.4744524854036,11439.504476095151
1123.7330131498702,11935.54543387887
1418.5414931614407,14526.0
1886.6865522390367,12462.518770305383
3205.6212910687623,14089.945411284594
4211.865546673915,12394.116532877022
3325.8899781678692,12266.777664916202
2319.003834153539,11444.284416152877
3804.8692941476734,12643.993871337592
881.7555536494147,14112.721788098954
3396.894491675206,13787.530238977963
2321.4424385104116,12612.087597185166
1744.1185972226908,13128.927605219193
3507.258854540396,11807.429961071073
3957.5799840951167,12568.162284792335
1981.4458465351477,14199.589793256317
3107.9928242576057,14693.0
2379.6649595554145,13910.843677120078
3814.636462318504,9815.270385359527
2931.6024855193305,13069.760125601812
2447.523777186744,12776.31995322757
901.0108961392195,14267.349604095802
941.4628573693506,13625.657645030842
1906.303108254555,12318.212622351995
12034.84404026678,6335.372435969263
9430.702600094231,8360.297352212003
11233.003182785515,8289.67327515581
10699.30913652266,10209.703904697571
8947.015842203036,7966.330285397005
10369.46325108561,7869.913894468262
12199.301774651123,7054.399880490649
9565.316239057136,9433.759289380767
12904.196197049036,7522.892310615101
9821.692513141159,7063.976547033764
9798.957839523937,8782.659146863072
11975.775364948991,8843.13322395127
10777.965891956477,5373.998093248114
10940.142946142185,8475.585249500524
9762.361869633385,7326.606167288993
11247.191771127413,8884.97306660262
10947.312342471625,7675.099213310024
10497.610918575358,11910.233377764955
12159.452874826151,5765.473571388323
11830.498861229358,6986.5087170048355
12434.935078789566,8012.813197404351
9793.425225324374,7763.819898360923
9606.31821089925,9024.518952393257
10630.655289216098,5760.25389741344
11140.097054784866,8159.910178859327
11810.986885084365,8697.469094578226
10384.727180231059,8658.97207784379
11886.285932194829,8883.296298744015
11004.353935108116,8501.659792424873
12046.83843443341,8796.545611060787
10435.192387109466,5804.540517480054
10614.407284944335,8627.718899730995
11521.165548725905,5638.5697128275615
10859.39904718793,6266.29649489103
10572.124823124537,9060.518669760611
11272.490876060825,7725.5612062271575
10812.675452077207,7756.687611182687
11807.608710482287,7495.024258636294
11429.62680274521,8966.826410257421
9864.39742662911,5837.337211444074
10817.438777516938,8281.171340828
12179.816759312449,6630.95865686884
9637.519230574171,7298.905477487854
11743.416933891944,7722.195942382085
12830.126332490996,6479.686366391034
11809.59294714391,6629.60396337268
13043.17001283135,6355.9808413871215
11548.633752332516,8720.520592520541
9863.275451444852,7962.877085864265
11246.592622647668,6826.465414447954
11911.326274465635,7056.015797883208
11788.889360552337,6259.514177579611
