2935.612389899443,4345.867016902555
3281.9099777893366,3027.791678470725
6650.378901901202,2283.396959990075
6320.109478722565,6750.897462741279
3880.9249361475872,3373.0024018521713
3252.7854956131023,1340.026287879346
6796.158090093091,3962.7329881113887
2453.8736715118744,4605.5900373833165
1155.9700691751968,3597.232580711304
2192.3431454025904,1301.2599301543914
5089.538417333174,2965.45285861079
3791.655520845376,6144.726976876211
4910.4785884144885,3410.933604697637
3930.1244095939037,2979.235035142991
4380.899203568419,5004.455659706604
2515.557116665232,5971.238778580577
6325.870927546701,5122.526944963705
5067.887751359083,4781.019445783982
3889.8892401604066,2146.854142106001
4176.830700464926,3260.2589169517187
3544.9258264603377,3115.8176789071194
4769.771143953476,804.4171180233461
4768.805847779686,7814.532918819503
3176.3618006331035,2434.980587596383
7744.93743796267,1770.3059603230918
3001.4075959119054,4860.903987057258
3101.8047936240123,4211.5003150260745
2637.4287182773596,2419.043212825669
6009.69356133269,2055.97006210893
6111.933110525842,2204.142626568726
6782.544926010508,5763.576024754897
6227.56341265151,1841.4032536826635
6131.561194788794,3948.397387573903
7088.73551133841,5076.329272356854
6264.433327952779,7746.935339478559
1837.1321622771916,4046.3651135897126
4084.319005126318,7493.394184703751
3805.443390065591,4246.441425432405
2398.5035703123676,4136.6558866628675
4577.814753011054,2968.223536968222
3711.058737396965,2179.366979135897
4166.387744483992,3923.3610991833434
7568.237942552214,2747.093764818518
5632.573342611233,3048.3785363665083
5223.384743305554,3506.2709756923778
7917.320902896439,4775.9976949099155
3982.0749280696837,2425.429070994474
6914.60558203154,1279.5167907969908
3275.371842212412,1751.9825239243264
3672.303480297007,1576.2551873879584
4336.511417782346,4633.639629276041
4894.886156516288,6584.865926542357
4589.515047443221,771.2522847156656
4709.236182780238,5748.333799520196
3175.2652847208124,2592.9713332504616
6625.3684533545775,4798.553768222981
2707.2488698341017,1114.7925495345794
3614.35150400703,2745.1798831562924
3034.7734435829148,4624.022182516423
3859.144559372568,5040.802690785785
3173.6154326805217,18383.52831706744
3144.8743558778574,16726.110411543734
4398.637134405285,17735.588310101204
4520.331084061744,18475.730150712432
4764.305258926968,18655.06682851247
4802.212230182418,20473.646987330165
4569.794272530845,19083.774486320126
5583.003577045397,19267.947131130877
4192.247222722143,20155.512714723787
6774.2344419620085,14679.365487661655
5382.419259119937,19634.202774483827
3617.344106112041,18582.635997514888
5089.861520937545,18945.21702016048
5314.372663477771,20035.306530823946
4567.930883419906,19301.315784199054
5289.082455128759,20892.0
2434.5767096878935,19178.4200333965
4278.148242317456,17056.55138767636
4542.747878245451,17867.92307752055
2736.4407884925267,19960.476663864338
4273.824346614286,18504.149476433544
5077.5675792142565,19503.653765243027
3315.92217866164,17463.80028549522
3763.418984788337,17731.89029940321
5148.69576521405,20763.0
4949.625005843106,20052.467055100966
7196.17098931964,18828.979722535405
4107.3906886284885,19236.460529274325
3690.769387227971,19880.60128074544
4861.795433976772,15546.68520405748
1845.9612381725883,18498.108606455848
1320.0379038734945,16197.585549450068
4876.3984156894285,18877.485920122
3340.996184991862,18127.094406835393
5158.152857197895,20159.593984920182
1840.0009693724155,19338.2141730354
3172.0570539991472,20653.179000851236
4236.086785394141,17797.237111713515
5629.928765569311,18346.954631168235
5988.133103134109,19844.046125069202
3596.345961107378,20577.194684501104
1484.1716227572465,19271.689079419863
3431.2609719435504,19958.513665488306
1802.610687977774,19577.855981081557
5612.3920444301075,17030.789101051243
3765.743648528586,18449.47000852681
3326.772649159258,17779.878239447382
3093.8115440464453,15475.735055597861
2900.6741348492906,18056.17768504993
15825.992972688558,13684.03538040763
17909.15011075666,14607.484100519512
16701.97709026018,12511.453212813743
17938.790474502493,13305.435568618588
18607.817379477696,13289.453335002778
17151.19448744198,11214.650188525182
19067.850054929957,9990.878137491303
16649.848110795276,12208.334492128048
17224.743862500836,11194.868025145784
13330.343179293883,13053.281259771737
18588.849762096026,13719.186780128519
18635.816064596682,14397.228629253405
15306.06451300242,11642.098488145579
19278.169063933405,17022.57095431616
17561.906961852532,14666.314261387157
19747.507812363812,9151.301702230296
18098.24161089541,10911.83234719618
16698.36944845121,15634.884943763478
18200.0622493934,14890.008977918216
19759.945031297895,12427.976536404058
17993.59783600618,14629.200146213094
17875.325661385003,12147.68213862046
16960.114537207617,16031.586135127574
17029.26981150434,14008.383389443048
19991.287464228757,13246.27615326943
18490.848084853973,10574.03646498376
19512.980889347124,11794.947619777235
16832.799002684493,12696.912897363147
15713.736460744352,13207.63264055623
19183.86484106025,10824.658932637347
18297.077254076827,13676.097835829316
18118.151722626422,11640.532172272675
19617.458185993208,12826.086314807084
17345.580015605552,14940.90520520373
20883.5371089138,15918.273466395052
18522.631815459532,13152.858251075915
20372.219375698765,13599.504420339601
18411.528651837314,14664.342585914526
16719.506886083786,15111.271517610347
18892.034977551866,13155.637668768455
15563.75589663213,13899.143716578295
18391.10626251479,14892.781909916755
19325.56216411296,13234.702876879686
19316.115422080842,15070.795981228337
19973.37443335191,13415.349138450514
20983.59893652534,13014.353273126599
18621.140851022228,12389.996925515457
17570.731223354247,12943.606433684954
16954.328232648688,11715.741306521653
18058.706508337847,14809.885950203809
18205.92800327919,13364.398284615347
20038.580878554905,15892.403013675805
18380.18626345553,12465.541785087611
18954.054611825748,15763.98660112192
17293.940953358546,12441.291289339504
17427.059558721976,13972.86836379535
18126.464544099537,13873.04615904535
17894.70735844884,12899.77074997417
17252.46289562798,13249.291171875668
19349.995241548666,14221.607231801541
17286.93541645863,13347.314806730348
19300.410947162232,11391.112556451766
18343.091911627766,15990.753533905174
19039.113126306394,9073.306882301898
19412.822106910127,12768.4278272676
18874.0200737027,13423.07609112409
18890.285507357137,12252.567976959142
19341.872431692977,12423.613620001915
19048.7986978833,13597.225584187501
18753.413796225523,12441.198029386487
15663.905023250594,15968.630232871019
16332.912284013466,13496.690173092926
18263.190995843215,12175.289127158047
19385.803336785168,16326.670603680044
15873.838666626203,14405.791862249773
19757.604461833143,13729.665905630074
18294.444084978477,12518.787926508194
18623.028208105534,14190.04951922717
17670.92819728863,13896.715966836799
18768.113770264754,14129.210731100577
18137.70792288041,15694.036483112917
17499.70085433701,13943.689475730476
18872.69822841019,13943.42146790433
17921.321231074337,12275.565718021715
18524.533322309115,15534.203334026322
19288.910813149185,11082.894433971484
17154.658807198037,13243.295870544394
18950.09682666316,14190.213678942704
19764.84780377631,11057.307477858874
17380.08721770367,12320.120347699158
16331.145959883914,15659.026367088407
20221.56953059212,14407.033887617403
20366.3960109369,13914.83029690107
20689.886943246267,10077.499674859007
18258.477410319247,13465.057814843232
18772.84674661798,14394.364416868906
17732.99413180474,14527.083254760568
19461.708374828784,14590.210604002043
19805.291859299297,16929.677819851946
20689.770058639617,13609.202163813272
20002.60882238067,14150.930661955003
20090.45415748766,13219.687469222281
20605.306236259894,14835.958803238587
15807.725485654752,12841.59561732336
19958.777210551336,12239.490741805741
17914.038894183366,12438.927443466468
16432.35472282904,12582.602024015783
17440.215966766867,13385.471881139
20907.0,11473.191705446241
16366.677995191263,10983.278376073935
17391.158152694126,13605.884718130952
18656.26164300949,13445.164952021205
18145.538996341103,14008.041111263105
14858.997354948366,12033.203393326201
17843.81438748861,13118.21954449079
19412.828394856573,14939.060317910318
16831.04567063357,13304.987548223116
20985.0,14063.43783389277
20175.120453992255,14020.096270175274
20607.135416358316,12505.33957130347
19177.919720455575,11148.130568134207
18822.470112683226,12470.88117850076
18181.38019495204,15180.116167711714
17298.359397866767,11516.947703752927
20236.095288514956,14936.49511506659
18588.444217560158,12200.209415639083
19086.324534066338,11728.485662561126
19243.664471668097,13001.297025808613
19936.616582223134,13916.044922911344
18400.121229572498,11573.299939809669
17558.394161624932,13849.060549055566
17613.475408292416,13098.275783487083
19247.712247802585,15354.955858065307
20867.939249140756,12718.524040367753
17163.64801768369,13197.543535642762
17587.61523614069,12858.362804394033
16097.429473886168,11276.344118700234
19675.653550701078,13072.411291980494
16409.74368720859,12190.169089963758
17273.147730770637,13268.290051508837
19161.966527507604,13948.14669918432
17617.658214352472,13859.381255521275
17992.90933593991,12712.129185839975
16020.148005793006,14492.013920195819
18433.59621772684,13429.825005019355
16995.626117040025,13268.36614132986
17325.315400409203,15079.494206424568
18603.207808899828,15927.62868085649
18266.801241573707,12267.179598249326
18855.92176779926,10355.110100143684
17790.43495631172,13098.795323779079
19941.326469565407,11560.232430511083
20649.89148021498,12293.616926262412
18766.039784050285,13092.289455153814
20068.495689412408,14110.935660533945
16240.792317381436,12558.024812024718
20038.976949631422,13110.718408128327
18737.806678623845,13452.283900355113
17748.829957849557,13458.932799576038
20110.28686255403,13268.365451711159
19014.75594629123,12130.744301038465
17272.75756921904,14544.925817706606
18952.006714534346,12528.848296825325
19377.7012358893,13386.845854405025
20301.58917097302,11578.304595094889
16446.299703223274,11209.243091104869
17790.635787854626,12833.008422554964
20714.469604116337,16200.518563215724
18460.790641724634,14788.27204439016
20430.95366754098,14768.352784823492
19046.316640360274,13834.91635036533
16575.318779361383,14228.57977515494
20142.237216729434,11383.519585247412
18366.00331558187,15249.813775112038
19704.719369566614,13387.309789806379
16403.312851413,14989.06271467222
16660.198608803108,13488.919292256332
18323.04698650532,12617.837260963668
18914.47993672009,13772.627152326764
17438.10357502672,14623.360334326382
17543.294293716943,13525.858849651133
19635.237499096802,15701.104422331873
18915.594909750223,15047.925585240719
17680.89229597405,15265.757943638731
16101.095064225115,15366.31578401031
17467.645225194057,14089.730419170983
18996.998314809727,14088.045871485732
17597.46678017965,12848.731792444272
18771.68830569332,11074.90335006283
18805.11917407539,11529.385605054329
20984.709648683907,9628.205233543758
