5179.022605659031,11839.82378500348
3623.764852530777,12436.84400447184
3660.793801519053,10245.942523023827
4105.710659228109,11377.21987239431
870.197151016971,12157.242260976755
4770.743309943671,11604.27088201652
1531.7661110650565,14449.497720973344
2883.3175682985766,12718.85632296415
3006.864331683575,9888.399284482446
1874.0426781339474,13239.508320301915
1.522559006281881,12075.05979467634
4529.715317567421,13427.542147721151
6107.014685639668,11887.616792740182
1526.352824370198,13008.105042953739
3961.6512085901045,12173.617837379137
3358.3162722627776,11666.037231008999
2161.084165560049,12020.855951076655
4804.46056478834,13309.206840352908
2302.0295075828176,12463.51884080615
3452.331705051991,11020.57136953785
1891.1788507162219,11670.0344271979
2891.248435355265,11730.439441339486
4669.033399894602,14352.750508717867
3862.3614778662272,13764.912058414242
2208.948532660289,13276.76344020756
3499.945369095204,11198.964346852337
5263.342582328263,9962.048484891742
4411.271470235742,12257.0022228437
2907.939075180677,14851.895206864507
4182.1005286703485,12031.494591043638
5807.059455244398,9099.736948741656
6976.39465125735,10113.811380007892
5298.990330100241,11240.109331247111
3282.206838604729,9697.075800305807
5078.066966856632,10488.455366344126
3338.981461818699,11673.603596865652
2581.904904650271,14504.302027980753
374.2693740754994,11875.913612611752
3340.5206794240626,13224.054621687199
4451.744152193182,11784.655455299342
1359.7366613782667,10934.981994495918
2530.816483231971,11811.095062047681
1974.5124714549067,12161.555801644246
4240.117230175517,11829.620127678432
5194.282930689195,12616.643562760055
2348.40563230536,12198.294576965825
743.0010261803668,11729.676974535949
3850.9008223780693,10906.049006670817
5729.103759743633,11672.097120836435
2877.998247873422,11490.851296689101
4260.472440594916,12245.338725338535
2127.5371245195365,14402.544801969321
3766.002875630887,11854.936321086272
461.1455777415831,9384.403900689787
4959.428157551357,14209.168780179254
1978.235990272293,12316.015918353152
5492.375412379071,10609.61838212355
3291.5053506494964,10209.636108569583
4456.786952135465,10623.50466445698
2681.360300113507,10373.859204040911
3680.681578040589,11280.34295298407
6431.146064240987,12928.373902162537
3383.0487689060046,14937.332159309834
3955.3761484295455,14098.069878380962
1437.7801388238222,10112.395629929377
3823.18503968882,10753.178582497125
3607.7314456385816,13383.191495803285
2782.432196056812,13220.741822160851
4982.865713630053,13412.491044301092
3909.3880769280267,13415.195267600462
3031.918680424786,11361.84355194765
4679.198423810567,12540.160578938094
3364.0384422962766,11034.214447715232
3385.6816940331937,10423.625606381076
2851.171367850972,11809.351059298297
4462.346965072614,12267.083283389135
1601.4439454446806,11188.421527787752
2025.722205441976,12096.929221151124
2006.7757055000993,11448.406446480385
3289.8102838167833,13279.645885214362
3758.2879116852,11060.157805675128
2365.7435431971894,11596.747729514807
1786.2872846314904,10352.281508790076
4185.0685333118,15446.647290001767
2624.2934385578883,10972.79943159695
2857.6078923296673,10092.035405911647
2168.091859038098,11594.595336500293
2124.7019449973304,13058.481137679908
3875.1987672459622,13484.018342356765
2491.0157216020807,11313.767914382363
1632.4259237699582,9965.165575161931
4918.527114021642,11609.028306966322
1098.5028187301205,11470.223277278643
3839.05405162484,13962.050672609896
1838.690110463061,11790.590651662304
4096.962170645769,14076.767748311398
1631.912799158443,12041.416853817485
506.791324652635,12070.323354646383
2316.480232169173,14521.959524032973
3225.5732861025062,13432.065404968389
5333.560471071056,8799.89234228582
4423.185850716789,11313.258906793024
6556.338069658108,11208.490728268205
2656.6424314574433,11547.650290475516
2386.590879055457,11541.570311259604
2609.60455181975,12885.432619870238
410.31506385637294,9877.664748294437
1897.187590472039,12808.26012230465
3213.1570085660223,12838.544456405833
5106.624237798506,11022.645407203068
2788.1157433199146,11955.21363272229
2311.022206654087,11955.49512755575
2572.2396567916267,13329.893586319571
2733.7180890471413,12174.841227784307
3606.3320019720964,14276.381155254843
4090.132740009846,9853.91812923686
3573.5428727130975,12872.688452860082
1623.9046011953978,12936.568519416587
3755.511254566635,13364.85191737195
2113.268897834051,11877.810521941772
2900.504842295367,10417.37044722825
2854.506189244209,8850.272265903726
3949.2024184450693,11462.829725759797
2995.6391664743173,12755.781049978994
3794.4687331281175,10490.67775362212
114.56345533470494,8705.991031873004
4615.135200826647,12514.152072184734
3707.7196925058106,13923.341809260053
3473.888441612346,8381.390403858271
1861.0357803692252,15300.8507981373
2213.647115057193,13078.63998631953
1597.587692678479,12867.684540170836
1795.2350103409347,9916.844609743064
2165.993519645381,10094.438653672429
3734.7871892212806,13666.933748612995
3616.8032742421206,11139.643098611665
3171.4758789596144,12958.86313680909
4921.963655864625,11422.256800554473
5967.138046022224,10140.320181036437
1414.8272625140387,11612.911324500848
1952.1798116269752,12834.751442514238
2659.675392135374,14145.091096520562
2518.265542635378,12777.99401758862
1490.6743758235584,13905.705809169847
5331.404092131921,11635.461158041684
2513.9898015599347,10969.257337985344
4412.544363881159,12856.86829906718
4481.179591246428,13013.967689411034
3409.2855755994506,13650.121725262465
1958.558188605698,13320.630817776626
3551.251562748389,10393.69769148233
3251.019977000423,9547.538422543701
3100.593774442565,9605.309413723704
3157.480848782886,10428.149290047695
3580.786384238982,11036.489385487646
333.02844127126673,11944.2596012773
728.0772478295498,15119.168055882072
3366.6498850358716,11237.931886319524
3888.1370216971463,11929.423012018236
3034.7115367630986,13738.058753377842
2629.3400030006533,11157.243799197504
123.96452288443379,13137.442112121975
4117.765659043432,14506.730342882405
1914.55380485952,9058.124453483453
6008.794984940983,9918.39245342282
5687.37574455882,13672.199081448955
4214.080425417921,13087.114165030162
3361.744630708058,9522.163717422274
3531.7564137130917,11591.66465693614
2963.428769402418,10568.597047292187
4156.435530215737,11318.235519448304
4462.779570193911,9983.952890686804
2218.70652224854,10442.717048019427
2253.9958759703773,12439.024995294958
3251.766537896936,9910.619802185223
3997.0624711747273,10650.301763097541
4389.563505036973,13202.65223508201
3429.407893882136,11105.84516391596
6339.02881563995,13985.880904007456
3609.796398849073,11765.49839160916
4225.911579064168,12564.53611129365
4069.4221727376607,14697.14116067265
3514.0525592054096,14599.57372991946
4634.050507198527,10836.291937271877
5169.3787775451465,10995.919335642035
3400.3735048080207,11392.498592428823
3922.4243069130043,11699.575661889417
2933.168510266276,11520.251517654688
756.4545672712661,13431.016328206933
4994.356447518201,10888.785106126039
3233.452291613847,11026.9164053136
1199.01333904417,8195.794900953937
4360.957248299656,13884.966160086135
5695.1294380467525,12831.351575357943
5503.874451507167,11273.083401229696
4964.983643938447,12410.249578603163
5105.72044821384,10929.222607757772
2852.7898117652167,13008.057487770116
3358.953079073609,13252.042941610607
4999.130080088109,13227.891209968751
1829.6964801578376,12512.1027358539
3238.3492617794377,12615.994360928382
628.6318718110074,13332.889898673637
845.2494191410956,11768.790036399607
4231.523976800108,13463.85889451892
2503.6669052456464,13187.51425209893
2898.0368160385315,12252.205131846371
855.9651852031948,14277.567940009249
3417.8647786977326,14737.851754365445
4740.41417738945,11899.059740954217
5420.783102878322,11400.16881439587
5368.461646026335,12721.58837577649
1466.5782258620861,11356.667594546978
4125.156594302851,12375.28231491266
2160.639459163398,14238.440661378028
2848.0802681467117,13232.754467932207
4932.504443738419,10211.247795250296
5190.065792135122,12385.892045886088
1583.2517348225774,13379.08905187355
3881.266701075431,11666.061660985803
2711.097665245126,10893.337117600546
1801.2236270534931,10065.207147313979
3979.8260247492553,12138.17442390198
3499.4283347783808,11405.758256986233
2688.486775048237,11784.163551163949
4139.880796060595,8468.627667215414
2648.8529868588857,13995.193069605006
2954.389742217354,13408.060344703747
3873.364753595945,13993.721431254926
4995.2911898582,12444.606248986614
2756.040815735185,13290.703009094015
4626.888691934319,11723.614741074667
1973.1177068417833,11152.927063178742
3663.7760402966323,12950.949739095195
2740.220222713226,12517.512195887193
3004.989322265433,13177.037213916848
3166.1444638821595,12390.471896973377
1933.622725666266,12309.919910844968
2246.714523020387,11800.263953902999
2504.849698230468,11235.814345559207
2532.1948913659676,9939.126017111063
862.6188088238646,11550.92410597447
3823.727915930917,11328.705464950464
809.3184190977454,13090.184644966099
5064.800965375122,12891.786950492986
4354.541908110063,12115.267043522497
414.1427553924982,12717.560969040169
3042.7383363939575,12159.035744994642
2855.2249799169645,11841.741881700058
1546.5879010685378,11973.386079103027
3810.038948482659,13119.153628280812
4501.037145107047,12919.364961879879
6627.681830681959,11866.222993923997
2926.4267801651913,9996.887747332508
2235.5019540475528,12032.845796889897
2980.6199148581213,12991.210945774357
2674.646341293623,11897.349308543486
1927.5350489429245,15212.36250061391
5016.356871315102,11288.701366016281
95.93477330884161,12658.98884252426
1884.946342108625,14054.913909174415
1825.9635433482956,10556.338946504326
2401.678985529908,10860.166774123922
4566.7368944343125,10399.959367985972
2117.743263525288,12700.245782104303
5129.150970835106,8247.130115218923
3405.128600494553,10559.487678526206
3054.5931838869606,10145.208605869651
4212.028149842732,14875.003973975688
4241.065432314221,12419.839274399126
1697.8444772086846,11172.703719432859
3354.447743271177,13818.71560109674
3349.629815165143,10175.600833871336
3262.7187192706274,10705.278126774454
4881.630589723783,12326.633734806212
3852.512402721958,11434.179068884894
3459.0602858238603,10779.42704906437
4331.625085327428,11846.635946436058
4064.697431714366,12081.924655212297
2841.9523686701245,12507.764630049116
3092.3700578277467,13651.697029098916
3753.276981924672,12040.623113061538
1047.779816405679,12244.606821724541
5306.8795009676,5852.907809439269
9676.677188565169,6920.62374538117
9301.847586953287,7603.974978304517
7593.402191175161,6568.761006412431
12109.5462276002,7365.731946439353
7599.458965085215,8715.562869508978
8869.107589729869,9976.793863760171
6727.250702556006,9767.91677373485
10128.615934457172,9275.203092733582
6162.756292996117,6474.964468956692
8213.276755783125,9612.995746503704
7479.4157050358035,10999.884461636473
6301.783782733306,10017.438776685303
8126.441126927692,9375.471518314138
8930.546717882222,8843.704886049063
7519.600747601737,6886.342748462182
8595.203325931434,9528.704847836761
8936.920634098538,7338.804792275396
7875.865099523589,8250.207672824685
9303.269000794591,6631.485401286724
8259.207217505487,7263.405269321117
4396.287067923305,8526.002528238725
9547.228031869661,5879.291782271116
6611.294575196984,9138.006335681972
9041.896220355087,8044.631082830258
7287.908751406702,7191.562605967877
7799.724203272712,9861.441373167632
7316.869543172953,9137.571073107996
8232.701243161056,8214.458810854518
7046.763286902382,6801.53412564883
6864.112878222802,8532.048484036062
8948.153212656305,7747.88484307526
8487.453278252373,10109.317310275277
9415.897292004463,9822.257843336954
10923.82995528882,5882.84233871278
8616.471249213737,8585.08635372931
8214.388700665339,7536.197915348239
9126.149380033365,6121.558515379726
7196.839805074162,6397.2939589388625
10172.480138881583,6184.807276713843
6693.6294401520045,10320.034088262079
7794.636382873458,9974.15062567423
9582.93035148248,7974.287376245755
8425.15806351156,7682.504001208542
7848.082685417065,7798.386168259257
7711.600632518239,7955.895713790139
7731.275847950463,6763.7327507201035
8348.109539578065,9783.009974682347
7739.057580929647,5414.951543872909
5950.043933751103,7603.327753340334
5875.873538480337,7355.688512054308
10001.285560787604,6751.569586186966
8221.759191242667,8258.904820408554
6124.575692770606,5526.538368446376
6972.3494284348135,5534.699061508804
8923.794320639923,7516.877484370548
7674.358386188314,6995.402951867266
8185.003441801283,8776.620622878107
7611.121052134429,6751.769551930962
8124.608291984696,5865.7447126691695
9108.505461033406,8865.64920810938
7737.820414894518,7635.993541774957
6715.609879529753,8923.8535051191
7560.120659330501,7043.501877142224
10208.272563426253,9835.705815396195
6620.067932871724,7396.765433263242
8164.280939354696,9402.635321449794
6163.164279709806,6785.741379225685
7786.133689148043,5508.824370516567
5946.506281028007,8024.999461062154
10436.016272808189,9046.35024443758
9052.882170508996,5724.601714497769
8372.200023836594,9397.566095834927
5387.269486219386,5390.915192093061
6946.838617436035,7748.747422192887
7314.943357602273,11120.674865671574
7723.240437787819,6730.5464349810845
6627.759843927511,8391.085155943641
8256.777296706108,7004.2197990696395
7514.69674020586,6662.300290826225
7150.999771301093,8141.88550463439
7485.80405353606,7531.899846512089
5789.6857604047855,7145.441097305569
7267.2523091200455,6454.339584026012
8607.357452271553,7336.898718251693
6313.1281247482675,9494.497350504338
8544.532779823268,7886.602429136806
9719.25240092461,9965.872191305494
9130.204956294929,9617.490630365877
6763.276119695461,8814.618217555833
7954.736022283752,7892.002431417623
5253.943360814565,7589.949589904636
10549.614632482871,7566.641082631301
8409.64252105826,7070.439747596112
6027.896574967324,6160.815343708383
10268.943344883623,8762.354167971956
7409.31718673449,8633.61291955448
6435.292591057798,7686.363554011577
6118.559051335522,10755.9536426704
7498.9133726951,6781.596722186712
7570.834247304362,7730.271751380702
9096.084392747944,8069.393522708905
9863.593047452296,7364.088162053397
9371.861844903282,8599.168846832978
9139.553451341251,11448.631748290787
6733.937564645453,8203.417354172565
6390.29718279848,9508.846826626701
6983.323324446317,9271.436088502713
8238.461183060122,7992.484852392326
10436.469953037998,6054.952462539929
8260.405680309845,9089.257592768481
9322.035217302093,8004.941835874078
10664.087249668228,7856.505840402487
7722.695734433431,7967.65744560762
7529.644916110173,8548.088649072366
7418.4119451168135,8061.918210643151
9466.164399669755,10178.384595869256
10022.207895449403,8191.200022331721
7570.546581474013,9344.220246976682
7491.341694210842,8766.070913750922
6351.702661649171,7258.28295904821
7337.800809535862,7365.645672440607
8082.3454740951565,6399.928521432939
9418.501716639616,7874.6003772581635
9091.551830214305,6160.296631807138
5596.022928270591,7977.884235130006
8216.086278379395,8899.97577530435
6009.6657927408705,6002.0882140242875
10308.98489369795,7416.936653591954
5668.34723199714,8016.905709045158
7833.816761682478,7398.244409772727
7553.841992071238,8924.635321373255
7488.20836176164,7971.042363396257
7095.604427391427,8019.843411686391
9199.47262055657,5769.869893394123
7826.407730879755,8382.84691095738
6695.629294662054,8315.237444778006
7699.221004771216,8954.381969204358
8303.694843565421,7783.7719855181085
6429.054348566253,12111.905679704269
8761.092607647748,5775.880610996524
6413.3064974528825,9722.76976632791
11245.819810662251,6432.858220031416
9469.235344341636,6383.49801307947
5290.643680962876,6937.427205274736
9266.705442017777,8935.590681491562
8329.769026406253,7114.863127143126
5019.305072313302,5873.9360484385925
8546.106116365512,6883.919457192837
10256.406758186855,9743.75883311497
7941.919539737266,10026.223388449467
8432.163644112947,9313.065237897086
8261.583138001753,10340.227273233197
7682.459042805643,8365.90863668759
4966.160641739929,9572.079574688962
6968.774708267901,5729.198888609814
7467.036837696078,5476.495475348553
8877.30065479593,8270.861823145671
7486.84539668653,9547.187189802846
8510.318726096613,7994.965538123075
7751.095729500803,8762.893373118528
7732.150595791862,6242.761591225366
6278.624129197381,7862.036739190127
6224.53832137716,8581.796974380246
8799.737057419867,7664.820370295355
8446.852710674313,6926.1509550388
5997.610751085273,11763.970273802584
6552.9973259276285,6598.3939520253825
7067.1924886105435,8159.9840666134405
10376.334041971284,10823.696979557393
10302.212579914043,6965.622636469557
7665.752419921192,7114.017680371004
7651.688648469208,7070.8378957314835
8229.468630581674,6250.831880512596
7866.076592892323,9737.108016565744
7791.682211587072,7928.3489151796275
5941.307857779391,6589.766174911745
6751.425338907867,11360.275627654117
8593.885398922102,7717.237068540113
7411.648353154889,6912.397625105423
9131.9259191904,7427.630013037934
8737.115225566602,5949.4842011344335
8398.357535288062,8244.869375401522
8694.779944657295,6147.804621908619
7373.6409908198775,8715.14730932282
8363.295679774717,7248.852412120109
6726.750606848517,6958.1297502951875
4769.901481366676,8739.73192645995
7620.488915068593,9702.6517443954
9637.162638247015,9236.785213862664
8443.657453020405,7326.065947482947
6963.790877117822,6392.62855054417
8809.83296406635,7687.140213429947
7803.533526301376,8615.060803898225
8774.084048792518,8456.581689253984
7392.178349504416,7314.666785078207
6546.9607124036365,6929.463790072198
7797.847841580127,8427.917772637984
7270.550747366066,9773.475435453463
9568.542930916228,8475.329321081492
9162.215645992548,7909.548851674399
9467.976367955285,9910.548582508356
7373.045500713182,5486.566464463052
8987.973548676599,7198.105980073856
5541.889591110518,8610.66743477794
10122.822458253633,8571.421575247303
3803.8216622606797,9015.934035907396
6025.063812566742,7915.306860257832
8032.683036870932,8756.64113382453
7917.1622374532,10070.650268574536
8639.131514666957,5867.789750535282
9764.071079453308,6434.392774138963
10477.111241002527,8372.267231812222
6222.970548777183,9530.28627159579
7360.245210360727,7025.8655974296535
8505.351176491002,6182.327492596068
8486.167357211456,8882.162092850127
5249.547951985785,11126.88480577325
10597.446426847608,9314.546017886067
5034.695487370667,9686.168052914181
8450.221441771057,7442.8883623517
6527.476004981507,9920.111463469466
6287.271372791839,8719.127299676378
6941.329676337557,7004.035124727997
8012.8854257638295,9802.464899590343
6161.232748102237,6992.893496921502
7181.275262237023,7019.3253148629865
6934.836822763761,6739.529003571278
6536.229359018602,6117.58388805928
10162.71219294031,10960.118441250283
7900.94339626021,9762.218684251755
9506.656372704816,8158.88678421672
9207.227567059053,8111.532209865659
9152.068946434,10181.643718367328
8591.44033638904,8183.202374075073
6963.754104829634,5720.013305952141
10322.506698247213,8872.834222620111
5066.966099717922,7083.714889452158
8734.43978022968,8319.465374989712
10198.012763796301,5846.606992896051
8543.687715463364,9931.564736306118
3845.858991233825,8284.9466521618
9768.839149839852,7305.46819393463
6175.764512106716,8764.257470934564
10493.746215930347,6311.099072896873
7806.254112599288,7502.155499207906
8186.847929899523,6892.523349114781
6419.605628594431,6464.729539486101
8185.80398622491,9429.990089705156
5714.658213703991,8801.20908004276
8633.34838216682,8157.223292513907
7516.84272363375,6874.445020439811
7705.2210215804425,4087.658940789729
8744.350617509974,7735.462046171106
9906.504991557473,8159.38632063159
8108.260848951902,7938.842045033369
7369.546809806818,10080.228751520981
6696.8938923889455,9859.194101567926
5088.189602992461,11553.686707327928
7139.413763557922,8248.8621292038
8957.006499819701,10023.462371577145
7707.330859540726,6467.99719611398
8162.130675739733,8006.8808705547235
7886.187132493307,8234.300175060835
9117.64505274654,9039.702478127181
7546.56455861491,9039.477494884406
4694.988516321713,7221.82679513965
7295.672838949149,11330.34710613066
5208.452104552562,5719.099072981606
8573.91844329289,10541.394510758393
7007.820083570707,7869.30495310644
8559.378686865595,9567.939603595842
8144.494154299719,9212.160313822496
7651.957254832349,7455.092934544052
5973.298106509414,8403.055209255785
8065.619582479229,5997.714005085802
9321.457201073988,5767.501214806153
6959.396601198056,8539.478506309353
7092.531709167244,6761.97689393395
9102.017222886057,7842.14122904934
8858.150307162765,6869.179316931876
7498.808497177556,8499.488809564733
7337.844738510349,5368.3972551600855
8029.433724222658,6938.60118244655
7684.792248580949,7362.36045971317
6273.591736449565,11434.662873331228
9054.516760056542,7837.093370190981
10996.913676441058,7157.602919544023
8635.516139970972,7138.73205251485
6230.995755305911,9382.933333905516
7643.0764570245465,7985.755193957999
9393.515214287383,9857.33704805028
8281.65023632171,7786.218432341158
8779.423187808185,9805.473103878894
7692.282514267808,8103.092340300904
9458.23800256455,6366.815564688495
8035.50428277541,7649.920972097069
7321.834106716524,6024.7075379441185
9017.537772464046,8554.51280230004
7960.398678117245,7215.516607074187
5982.106510341851,8593.537986465215
5133.976886237685,9706.60966417461
8416.200014599523,9359.779849411274
6361.6567711203215,7909.961919847577
6353.023327231331,8306.391876057287
7530.941735153676,7097.703144033413
6952.833874922569,10455.00660754305
7393.159767639271,7272.634248022028
9253.295810712942,6913.2764271452525
8275.349415394852,8797.51998096989
6039.403532175864,7262.567047464777
8048.194305788888,8117.717228032663
6116.867806702671,8799.680300974544
5819.027889806308,8081.514379138441
6973.508304660452,8438.9430535452
8034.258191821707,7801.701621248136
7820.36263213008,5890.877706451178
7896.838222347451,6849.054647515634
6260.513165480336,6803.477181337619
7770.379189896752,8310.188630059238
7390.463322473967,7497.219577639522
6696.372597159477,9186.51141805794
7651.428087428508,8405.421526475286
7673.7115643223815,9223.014833664132
6506.685369704277,10215.67717373473
8121.238237584788,9417.430842326865
7426.997595159684,6326.818684800473
7860.323123734203,9151.743283698073
6257.238685916986,10140.847616408348
8250.930847275977,9529.507071963995
8350.729317955973,6629.024535293406
7716.43131141076,7132.67919386474
8834.017255712879,8592.177383840393
6616.202481439008,6950.171688152897
6365.91545521653,8751.210831188171
9789.325464768252,8238.041957052725
7885.504110416921,8828.596103807518
10414.931062512227,9040.880486740249
4868.891625400768,6525.285356432008
9146.091300295846,10138.941698610339
7276.171446230707,8599.556485776066
8005.067983353051,10247.21770709736
7936.231894187474,6169.875987167259
8477.61874844925,9687.159508488223
10104.7107465067,7836.3844275811425
8064.623373097952,7172.180781291763
7537.986709547473,8528.135817581022
5230.873361047569,7334.708148950842
8792.54839248704,7197.681587524247
7665.925673335892,7631.324751754316
7437.827135030873,6130.549640499942
8455.733683241506,6883.643149142395
7256.2326228189795,8896.181922827427
8868.931638547025,11287.357280388973
6641.336063143447,8887.875581627906
8407.482320408246,9593.744290503366
9552.772182282532,8574.437325917223
8245.018012654524,7349.797572603123
9108.446901633499,8168.714783356249
11584.561915489863,7891.542037181364
7941.708004787011,9276.492529126428
7027.480330366034,8365.061640221016
6796.34886697034,7575.654529329081
7406.420362940609,7055.025033126802
8087.889048797213,7384.823500396606
6388.016982141223,8537.09434783493
6280.002583579971,6844.011077211827
7772.875717947781,5692.390220772282
8547.960161810357,7894.192897913487
6280.02527520157,9308.720474986085
11001.947524262067,8182.977165639572
8999.19043855102,9869.294016874643
7009.193941934624,7762.802693591495
10570.595932445984,8657.1508693388
8989.539559514,7923.914653114425
8988.85651714823,7817.148074539542
9964.8190668968,7455.7911012732875
8084.623540653177,7531.446070460467
6584.76451926876,8053.08866553091
7978.77627364083,8260.867361187522
7533.243746394034,7269.418106455695
8727.096200565204,8140.255418687739
8199.142088972734,7020.056778972998
8794.70376613021,6789.547347420062
9656.001130897412,7625.680013181092
6379.9148298721875,5793.423568030426
9507.191550140573,9234.720644517249
10261.561832140414,9415.85106637911
9060.194196102011,10542.897235157994
7129.391734983393,9993.7460751797
9509.892700582326,8044.625406814471
6375.4375993631265,7796.792263878447
8257.763997572341,9336.550145946985
3726.99198731056,10495.675568309664
6977.121122152614,6305.274754954901
5251.097665732303,8047.193583891612
5900.551283597484,5278.779873513646
9064.301191712751,6465.017314916536
6993.8614867496435,7451.343788068928
8365.692017464808,7502.750049137032
10043.100533093435,4697.061044844122
9059.204664691268,8239.104546063669
11531.866321496724,6570.188498633593
8877.31590808895,7092.697271961547
7947.181690658788,8151.18231614246
7109.801290836247,7605.3097908230775
7703.645305070637,8560.678847589037
6942.53358475884,7477.5077578461405
8568.898004517649,7978.630220483025
9043.274791650085,8538.883668275823
11159.211093232669,6977.962376231449
6705.146838500488,9247.932018223086
8864.37283289853,9172.330824995352
8355.9489301924,4678.400077443837
10008.252500859251,10323.67473388084
8723.65539376585,8009.527854278263
7583.825429996714,9131.72851232971
6697.669685589175,9610.253016563944
12726.841639760014,6247.726638026326
8735.978734670296,8557.823425566981
5481.663612345503,5233.333450450818
6501.128010082012,9188.284362914412
7997.624665398425,6156.494515437125
6139.753787388185,7395.6138771403
11091.658566654824,8545.60456495159
9475.119918530385,8178.691198919085
7951.828948819667,6729.492155394091
9363.251615151412,8103.851662441264
9668.206486029067,9365.322257420905
6434.410075264805,7741.3070973037275
11180.780646316412,4875.525983267126
8401.787757882696,6938.601309446521
7616.371157577042,7301.47479794593
8069.083623793641,9507.449641471332
7392.37377950051,10877.034217578246
8887.02298135535,8042.956881791107
5923.38981166267,6390.838273148097
8259.982708141824,9774.54342970073
7986.720462565137,7928.119286664748
9417.976987973901,8550.24616220466
9364.335090236973,10040.095865733665
9085.827860639674,8346.934652050742
11311.002679712285,10900.016021187581
7652.971697771581,8137.297310229458
10073.902513725561,9044.32207056984
9187.51051622036,6126.2314568110205
8096.561557870416,10186.76651931554
7034.31326667555,10134.891740900992
8479.985589295635,7922.088027052683
7177.617914752068,6727.367802831066
7707.1525532092355,4909.588353700605
7873.638161651365,7158.601454590371
4450.067562409562,9356.987821755865
8405.635550167344,4932.287515360187
7972.611794720015,8659.316596038583
7423.78012945989,6955.908459078853
7915.232194133014,5909.14838945715
7930.873436300215,6744.704225236796
8311.447986493506,7052.994947607873
5615.716612242466,5788.031030519818
7917.344481206418,8002.921521488993
5302.145018147922,7685.51432536755
6948.136796447467,9712.315299071039
8149.949252509053,6909.392997990845
7734.772590919674,9038.818301741754
8327.803443265904,7580.270647980462
5822.475905984743,8397.426345878373
7499.518021327838,7093.099324890002
11446.645979835228,9433.160389331864
7827.647730903083,7203.4938759776705
6979.008287643498,6747.466553885925
8585.197260698678,8531.777944971047
8128.877030664572,8254.771493640666
6494.124570359305,8029.649205390495
7963.366194143573,6997.059981226569
6917.914050790763,8377.821392331743
8408.595903728956,7946.483637975738
10080.652844795102,8800.540248193889
7393.275437358902,7334.595315613645
8632.301924284217,8058.933570000002
9415.417265463497,10705.83648747096
9208.223528705761,8188.207363954519
6452.150365349713,9025.371595742106
9328.364390309396,6884.117556200888
8739.40457937789,7311.058313853786
5968.665312506151,7590.403436205451
9260.120564544764,8593.300033530068
8878.6340041448,7631.854254265613
6052.491567233188,8437.67425195666
12046.18844894727,8484.574899927426
6316.278580792845,9635.12858550487
8838.299549002515,8307.57057760341
6378.806876177032,5830.775508085579
7458.537253771701,8597.683976649232
6948.164430797315,6005.65560841542
9914.459672576066,7082.025521958843
8118.920601469348,6318.867662894636
9732.246283274908,7950.681926620256
7654.72910098888,5955.006664980776
9468.47681501223,9234.348746463478
8323.572823225386,7286.154167920887
5937.460731335461,6472.86526634385
8328.120866830337,6959.775881861173
8207.737301272453,9349.747724934292
7232.9521454306605,8403.139858087374
8826.50492435311,11331.42099311429
8692.585890221004,6089.271596139176
8149.018036501372,8623.239314256407
8651.111251192116,8257.06981315437
9173.354424748495,5689.314704523588
6959.110234238977,7752.586472004407
5944.358264038634,10165.415185723601
8315.518556812798,6554.518583153193
7999.76857967821,9447.949579793953
7935.547565502416,8597.59449161415
12077.557447253017,11515.995691042774
11996.358666518654,13595.758518856992
15126.12384066656,14485.662777353416
11702.417742328153,13845.797512870537
12074.432200137302,9949.944510306292
11571.362839087513,14740.767061954413
14754.429725077724,13342.242900709763
13083.414552175092,10696.152691102041
12023.176948050655,13643.242502158482
15100.859467952743,10154.773937306141
10810.059854394502,12028.311915709844
11355.21845358791,11645.380931818727
15928.150190405586,12565.150967384507
15101.016317432763,14226.975159204125
13793.156551277782,14241.181839948986
14629.602641749922,9911.954946421343
12970.516068508943,9525.257980197706
15374.270489256769,10474.20475406793
11167.172749002515,12019.01081690621
12403.008813635579,14096.07266986976
12654.591638623207,13920.865786284794
13375.645187297674,12186.148526166622
14046.21340619873,12524.355069450696
11787.652122044838,13457.259873274732
11625.934362896485,10414.230184775544
12326.848683732664,11082.35265235284
13291.540956646102,11731.818343027959
14655.014224097573,12492.43160459538
12558.033700504733,10643.383988424182
13475.57188229564,13002.867611663482
14188.542158184922,10981.825971989072
14780.112732156309,11213.570985026405
14377.970446426096,10594.004173747455
13753.240997934643,13063.352439567932
11556.830035301522,13555.123603852744
13258.648461945537,10310.564856825938
11675.634266158797,12648.889346828893
11960.35249299651,12553.227293023887
11492.615507788072,13983.151527626746
12667.020283144742,10377.626827058859
10775.788167726187,12341.91943034967
10365.562898854461,11635.840032683727
11876.234384275733,11959.430247753828
13591.11158447451,12919.89896644929
12715.439198422677,13649.293193619289
13802.87951951924,11392.128449179612
15047.02147057326,11395.356185181492
14907.243227088193,11785.492003049436
14064.208730100585,12163.88833239824
13870.548108872059,12864.00513184983
10662.121349821897,9041.589633737856
13055.518721465956,13251.077589421546
14770.269534692135,12774.782932436661
13690.040568036915,10778.061862357252
15288.613121686762,13224.451721404686
14485.950953617043,12519.021061936613
13412.35711860064,12340.12669355911
11988.270536351865,10633.019482744354
13918.989629483383,11377.206946124094
13885.559035150578,12118.90953683761
12193.803285504124,10065.556814590373
13783.309172542988,10363.606978065065
12610.579800448735,11082.635169778961
11418.799180285307,12487.917546599185
13327.26549801044,15065.92709392635
11927.286955286,12580.666150891459
13961.50033188003,10917.462542067326
13463.578426117068,10070.446110083358
15959.412472581824,13152.54477593738
12336.782252827874,12132.511883559324
13439.814766073136,11061.793263284424
14864.438822339056,11515.759520048181
13385.507429604733,12442.683117828701
10397.681494418026,10840.108891731401
13039.664030796073,12227.464594890567
13809.41530574992,8552.235077323186
12053.219707802069,12832.090511277629
13678.96433317586,11146.169552442343
11359.630040621447,11870.090741088481
11690.17133471704,13178.175915873037
14526.863882031861,11065.60079861658
13922.286988216523,11674.046966567143
13260.025925802083,14372.732559088585
10243.710590171495,12060.090261517076
14832.411466544954,11327.3741843837
14599.074063193308,10416.306296512106
12451.664540818401,14038.741247676173
11873.743581533494,10350.081689658806
11677.245723968053,10612.82547871691
15026.048513851565,12800.145773128652
15232.785210196784,11887.21504002128
11478.783856713828,14176.30041958018
14216.036246913889,11702.832208328895
11927.064343342521,14365.74066502805
12391.337976649562,12100.184559376301
13856.547841478528,14220.955638858013
13646.063100880801,13442.522348762453
13220.431605220909,10423.925343291941
14476.115048809525,11393.35117423897
14435.02790747068,11646.747996517028
11777.75427570271,11532.160866242019
10797.035665300105,12631.606872201393
