2437.8022483805157,3757.141864983596
2263.115321956107,2781.355752081406
746.6042897372972,3572.4802071688737
2398.294908177154,2476.021247034787
4056.266028829252,1572.530393382336
2026.0017192485802,4431.685276489102
3635.4677440823775,4891.597651449591
5784.807646947467,3780.250539679576
3324.7454563479564,2699.4708741698196
4784.205937112027,696.8550062291556
3308.362054197643,3134.2796538309017
5442.625202140387,3854.242134494023
2495.352335836734,1811.4807199124766
3212.4630813207677,2358.3592258723256
1467.9878329365165,5291.332759817033
5682.403289901473,2319.5594948012695
1924.3556383157675,984.893933922808
5485.689115648991,2990.2777895826616
6426.2985205014975,5159.980188275372
3163.5477345028844,4285.744093321236
2116.654742146186,2867.0675782934204
4742.985823005297,123.10383896097892
2768.1018510971144,2352.6545414966845
1586.128989103591,2698.048684221054
5788.542420148972,4690.9085912621085
5043.823071186716,2745.2760863996486
5007.011744105006,4864.072667457161
1500.7980767075087,4891.087001358375
2905.0405032044973,3641.322608845338
3095.55412817371,1860.6648167822048
3083.64424568695,539.1636824615975
3966.6638823311528,5702.1559572492715
3815.409745095849,2327.6819298378196
1334.5889829134042,5043.934559318445
2649.3749074093544,1849.755963636069
2075.258319261464,2667.898350503322
3257.1861363635107,5360.958350731286
1857.0163175074495,2655.419147677627
2951.1030346386765,1531.3047852576842
735.1187737095529,4226.787114396197
2871.8544090229084,2981.8995157783897
483.89400986278633,2871.622651503313
1268.0579450475996,2833.6379017979834
4545.3309066698785,4077.2929537290966
3512.415415717657,2705.2806068860814
2760.8010534601244,2099.4744774766277
2430.3603178165645,2298.0862596546813
4616.573483161369,4214.9194624899665
1200.651072478317,6947.901017404934
2655.4173489992536,3017.537493639545
4544.888836934482,3386.2099729543806
4710.747117318133,914.918292967709
3860.3609919991627,93.94838794158704
2099.2624208729285,1495.0018184062537
2996.324529247293,4224.262189364233
4110.074573350104,2144.791256260221
5308.552565131757,3902.287250908972
2871.321794337176,1255.3761910496178
4206.689723428342,1064.3569063164555
1956.7191723180733,2279.4066821036863
4614.142284825998,3443.8470401671116
2225.4970012111635,3593.016881696141
3244.8697152924146,2616.569537214473
3331.129295784327,3932.935151526521
1505.3241485051494,3805.5888937508203
3286.475963411508,4144.557122803064
3275.5090272813636,4005.2027018816048
4081.469160219852,3840.529427447391
5474.328727629802,4391.043092257828
3096.3476272307716,3588.5700097038934
3047.2411259453156,3437.03030109516
3818.7098834558246,1174.984076105352
3950.4766300810516,3544.2686799416515
7643.462603072162,4263.9140244331
3202.851561795518,1780.0475399202137
2798.3784934334813,2216.0186469742057
3791.9091812271295,1822.2057601127567
1783.8091544798408,995.1026699789106
5298.2109765460955,4900.136393184525
3846.3832341955213,3082.092978453564
3207.6592151103787,1873.2840460805446
1711.6595889796617,3044.798169840423
3507.4073586579025,3995.969987237037
4017.250117929081,3130.104901816354
388.738498915714,3969.5567135209303
3397.623414084329,4692.161805104453
1411.9489046646263,4462.17858392129
3639.2498121085564,3142.922663358791
2892.6233304925445,6044.853206004101
3826.1128171227,5349.333682678185
1238.4211551068702,1407.6196079348065
686.7638753756246,4638.907230952826
3234.9893957996446,7099.5478139720935
2877.199520878383,2803.530137232121
1550.1513626478359,1141.6093929281992
4662.27973313177,4739.251266299222
4965.391943906888,1511.9713451944904
1075.8088497231663,3212.0082901843266
3386.6452259544217,2830.5052728739493
4056.25408751145,1777.051078868814
4028.3438326291844,4740.307417120348
4825.202464194824,8121.539033513402
1345.648447806681,1669.6331499156724
1553.2092729836017,2130.2343710576133
1234.2112066795805,2233.4598013534282
5118.435519001076,2720.7277150889877
4060.3187147633084,3528.7609046728253
2932.663008414651,4060.602215083181
1144.081368718687,2682.683799313816
4837.74746826372,1781.3323834690932
6102.127595958083,3520.8817619630313
1395.070669672177,4243.227654123925
4674.722262329971,3698.862634519644
3183.6778835603077,5771.159657953354
1598.2562931649347,11672.916430135276
2323.91414784644,14039.773829711265
2839.701127865835,12397.134403758844
3198.818347582851,12486.433156539266
3059.301543869914,11298.497075759393
1709.348835989466,13002.93592639633
5679.632786228515,12387.514315718643
3485.897747008955,13907.158954573515
3805.5346719535955,13987.437985062135
942.7217302923314,13572.403782214895
3615.574515672046,11310.296245838723
3297.514083484424,13984.774183339541
676.0601649927962,12810.625670822508
874.2863353091197,14824.580707515057
4063.917225863219,14019.399935533673
4975.524931936123,12740.228849450257
3411.4716729658962,13193.145010463271
4536.179084795855,15874.0
2870.3369953131605,13275.68273894806
3128.0519346389447,13820.105131721151
2710.7736478476368,15886.312594292525
2875.2848926897705,15655.946121904144
3602.7545088949933,13936.208718802629
3384.0761721942254,14568.570343494233
4185.337971010603,15505.0
2125.776601058471,14213.065036418686
574.6177790511497,15889.0
1119.9846155267892,13146.48513599501
3595.345956371595,10944.497407918354
2176.1705937230845,14723.6314253697
1097.6333733185024,14726.099416707253
876.2267894130505,13870.712200314452
1005.3005068020316,13677.034552666742
3946.381812424974,14820.50934274158
2767.133820118579,14748.21791145219
4108.3251914450575,15357.250878251501
4987.933102285417,15216.168377733167
2173.999810012521,14188.655414153069
3312.2017675193397,13506.220817160947
4341.8893225364645,14259.3146821991
2561.2067740687107,15070.518782673107
2433.7065003039625,12084.722387262538
3578.25234538707,14391.618027505663
5643.853204133613,14187.414251413593
2434.7379403264586,12642.646699968116
1627.5318004179387,14008.269233153667
14839.467051444228,10489.492378810432
12473.00321881206,8929.106252940071
15275.51934026304,10960.189395247702
15805.0,8717.212163236276
15589.0,10611.104466489427
12302.025918856853,11090.76106348006
15799.83016617774,9377.381753186533
12138.3573216153,11671.541747508223
12697.032085483177,10884.181860599394
11430.74635628693,8834.48359330086
14553.23215713864,10450.068892260131
13683.326017878015,8275.646382014844
12693.507022104695,8622.159182769425
13104.909793636478,8758.696657081837
15047.718607893874,12182.265411521581
13435.652709969057,8621.850464133284
13022.4413837671,8991.444661675378
13368.75551574625,10874.076905483951
13258.525826702438,9802.607527718188
14131.241144040187,11175.431480640575
13559.218473750276,12706.270862394682
14724.016703071362,10548.204137133444
13456.448607590892,9522.851568648492
13523.441020810595,9585.277692873686
15822.890378639979,8847.635120305189
14431.398384969218,8277.004249700782
14374.711741722302,7587.418561483226
15999.675771851975,9748.355035361226
14288.85063888341,7541.925903467185
12511.088407169686,9516.414772791019
15545.0,8679.440601397628
12391.438957654937,9177.996783761084
15742.0,11265.494638073302
14024.852880028458,9802.307508972974
12962.760494043887,11554.615822046893
14967.194600307925,9641.007426831442
14648.23235821996,9406.61479923028
13749.04993344442,8900.575235720593
12504.198206644138,12488.66765264119
12299.02715519342,9859.794351133445
