13035.03950161832,6514.622562297945
13920.226797779393,1976.1842869210964
13436.739153085291,3084.6314935753317
13010.630980826805,4232.292388457226
12235.95342886207,4379.084674086725
14334.845416876982,2679.2503046096795
13245.832337905129,4114.110342609746
11835.372054419138,5256.808296537942
11377.141311397372,2562.1626205075713
12895.836638922787,829.1303682339121
13466.04846758555,2809.1515227741975
13936.188751539894,4261.881461122822
14364.522682386916,1492.5862570150646
12895.035896257523,2239.289300950293
13499.321814035384,3848.296529462843
14108.89884961863,5704.551937134811
13818.929577780562,3695.24490264478
14270.202227790678,2234.320669089723
12567.2746190939,1683.7988136224503
10653.241338084701,1791.1742147592336
12881.131104125652,3496.292496384017
15229.236081744944,1665.564883596369
13381.8270249078,3988.2920339389557
11043.477869053979,2735.794271610916
11081.55377232309,2387.9454609384215
15730.133555195393,1100.6511766775964
12650.089735987107,4112.6342076410765
10537.35018167229,4522.055871368846
13464.776906448544,3152.8084124444126
13350.085417662009,2929.8009147053776
11562.083867612902,4881.286758906692
13973.000467510894,2531.507000660386
14342.423838390858,4380.771101185703
9787.951172641851,3835.9549742873887
13827.929671003076,2859.6435062528512
14443.794720627857,3930.362176016439
3060.1884752704264,6149.784419611981
6037.976099923562,5722.352148466509
3418.1071119105245,5163.701029720648
5328.432899556678,7036.271008330625
5048.902351836439,4745.63441412302
5512.910747260341,3752.829639523413
3588.490442903215,5279.171112372158
4346.128100484115,5196.313798049114
4257.3546315319145,5338.348125731542
3090.6111572701675,3186.1483924920412
2998.561362150092,5553.032850609179
717.3826679740037,4834.211645396955
4159.864008667352,4147.884713075244
3025.127962481659,3530.87314426597
6151.340981277847,5748.828348457287
5701.957379346446,5496.457897092191
5565.906110536525,5119.061731961678
4674.436771758588,4547.288322645826
3464.4645970596484,6712.79862346433
3364.6803579159605,3526.6785631930325
4867.749987182196,5787.452921247418
2410.671401335516,4326.933082015209
3955.0219901533264,4007.731838678499
4784.8459856967,3429.68455818647
3878.6951669865357,4009.9394959086335
5786.416025332008,8680.840934113316
5556.3449095809465,5067.43223130029
4071.9481830339605,7076.518775969971
2796.6697681286123,9050.200233369931
1039.6681425606248,3696.5311907823334
3789.2890549332524,6487.958080677127
4352.149651374468,6514.496762198324
2492.150023097939,5985.604464180673
5187.825579902449,7363.619948330976
7172.526834063992,6685.728780746937
5225.943683270886,3039.0803693642442
1221.7654119704393,6058.307514578741
2799.2375725736874,5812.646580569935
5800.184930554564,5450.194426080228
3614.481126002011,5430.661791117208
6768.100596005803,4774.291355558258
3017.8719103599933,6564.1227140949395
1115.1501968137272,4943.988882515003
3646.8448177206396,5914.481553271842
4199.652015285011,2689.885210672575
6685.744336850599,3380.5412955298225
5093.281777491673,3758.931528662294
6923.131608325872,5265.505761534695
2881.9508484699963,6405.5339964936165
5479.623883133205,6459.20329952971
4741.958060741845,4114.375901024203
1965.939416954099,5581.521921080272
2624.815809886054,6869.210410780262
2766.989498791219,5848.912720074991
3329.7357394046658,5634.227441245784
5912.473279692293,4689.691516470172
2324.0359561410487,2850.2483399627467
3185.3058558672374,3652.8004162500956
10294.496603585405,14119.075322491839
8987.924571383044,12942.452238692544
11054.840072049605,14943.077923525283
10579.56844153985,15507.0
9175.588518162293,11915.296175220272
11653.319042081965,12740.243656487068
9699.486856100179,12861.01407142857
10061.253926400028,15943.227581348256
9800.704455242056,15339.108986916312
10125.162047170978,13789.782863927727
11937.458826734772,13378.63104221382
8478.83164001055,14891.797176767986
9335.350439152238,14049.521962628754
10282.197433990124,11701.216751581731
10005.48545836946,12919.772098880076
9564.689571375535,13508.612802112188
10951.202234243618,15794.0
8904.480011967225,12487.72497002655
11242.052620247716,12836.677205039909
10303.932974968353,11600.435472646814
9923.11553917236,15628.0
8362.329816767287,12617.480514919494
9750.781278020162,13349.508437653489
9827.022004890994,12651.844812162903
8699.325441736753,15133.22416864672
10219.199393901705,14157.382338382826
10416.473102136955,12179.42499119503
8884.89163713997,14009.189692485475
9520.807221580651,13826.100105329095
10183.564799813894,14838.757790961514
10133.888493519808,14327.265250936214
10267.748559786885,15168.364541248226
7424.729414137124,14696.63401898562
10113.549865564077,14872.463835957184
7483.074118946739,15046.350011078965
9137.088236902178,13116.880589596993
9913.55334347193,14615.092564342094
10882.423522814812,15636.0
8853.614653061317,13730.106227501561
11663.821534999684,15419.98137856531
11289.491368475272,15395.72646514615
9506.149778139945,13672.231065195418
9582.089151381582,14697.310122932975
9653.045146679851,15679.098548782786
9074.53603919897,15234.621619794296
9320.619414226703,13504.787267363075
10565.838715142725,14003.002520057322
8760.233820821348,13612.7465276929
11028.440937933608,15707.0
11599.352231109671,13678.205027575828
9848.41008919501,15390.53529678373
12642.163430632827,14654.836856046675
9750.199275817497,14118.561760768369
10892.0424962791,13352.982084771998
12480.751969617348,15476.080302460527
10286.775833235413,13391.36548496616
9498.975498361526,12963.357983877455
9396.389190028114,11756.360712303274
10457.178531219895,12999.2654975041
10417.15392060023,15281.11600806747
9244.837077813574,11528.363951966026
8520.598308826156,15753.70211236407
8762.999740322499,14793.374172532329
11494.503791428795,15157.817737057345
9007.733336421286,15909.0
10837.40944327291,15354.417187058416
9938.27357996448,12638.129884051858
9433.921857179219,13183.728409788906
12043.207443566487,13398.107899815881
9854.85793284152,13355.632417665893
10006.344747537427,15578.0
9895.996658579934,15274.44369257339
7498.893862256496,12977.074054971969
9865.60886375418,12420.749155132133
10198.11301779161,15570.0
9426.673147840409,14401.781674749047
9984.12214779778,13011.107783453555
10685.266540234783,14652.635088381969
11857.710903170733,14233.527701948604
11591.050589063036,15866.879744584774
14394.589965043104,13781.431464312402
8219.636112972423,14676.065669267975
11860.648941809284,15310.452557363868
9242.09763584703,14301.69706015527
10436.294233981038,12680.025499957457
12588.815521391689,12474.522072450494
11195.102910090267,12767.435192487894
7857.809714212084,11702.504873902679
8471.119272838056,15284.19130745319
10949.968864690423,14272.511495095028
11017.437852276857,11816.38313135904
9835.007354320518,13965.271553484865
6388.051181968059,15096.899299188339
12017.670759647335,13010.23376466458
12403.49917411471,13378.344595589146
8215.500158517827,14013.32638803875
8092.299743396803,13211.682132275897
8533.072663867879,13978.332672046412
9498.527607912338,13897.678196937757
9849.037259321603,12026.934517413167
10197.976576759189,13622.424113483678
8758.897958965536,14414.172215799947
8752.707809251575,14787.019839573342
8534.568372314725,13764.59488129824
8771.531642387665,13421.116625433868
12334.40043917752,13035.717097466993
