2863.236,5621.579
6772.195,9357.635
14662.089,11597.316
1886.402,11629.691
3498.876,6927.496
14248.454,15233.65
923.243,13747.307
12544.448,9042.668
5900.074,9283.743
11902.573,1346.818
4506.141,7209.691
10704.663,3883.942
9778.213,3438.538
13056.775,13384.973
6465.986,7704.717
5831.848,13463.181
13824.625,7065.948
12205.626,10995.609
1699.277,1059.991
8687.287,15122.701
5268.663,4197.359
10113.047,11411.565
13556.361,4574.042
12867.838,256.211
15293.477,5777.353
15130.162,6507.046
15876.8,14717.33
2005.777,3711.154
13072.859,10675.842
233.206,6143.072
4054.347,6727.871
779.872,19.068
4533.518,10734.473
13818.284,3741.117
2292.803,931.568
1227.624,3718.239
9108.311,8260.787
13314.912,2105.825
6361.427,2759.859
5869.016,5514.088
14809.309,5801.063
4328.538,13175.965
9052.725,14674.262
8799.668,11160.293
6021.933,7419.236
5173.305,10839.148
6494.885,4938.224
11278.422,8257.041
12708.907,8008.647
3651.808,10647.92
14373.782,1136.458
6535.374,3989.552
6206.172,1093.285
7296.776,9867.235
10321.37,9767.271
3716.512,6440.071
3566.34,3693.781
10520.979,4866.736
8929.606,336.972
4396.71,3027.27
253.652,14106.616
3983.62,5272.527
10456.705,13703.157
7827.668,12584.291
11387.554,767.444
3551.705,15392.863
4545.836,13665.047
12858.914,10728.196
4074.373,9644.446
1938.964,7589.977
13514.641,5637.855
12784.782,9229.946
14545.09,3476.47
1977.057,1935.972
11219.643,6689.125
11529.828,7149.337
5624.799,527.88
8435.828,2312.885
9970.8,2641.658
10399.448,917.025
3367.022,7255.916
14491.107,7837.025
3302.908,1808.852
3197.24,12015.971
7010.678,14880.179
11457.734,2240.249
9509.166,1999.802
13670.927,9526.089
3164.092,11772.875
2879.477,10041.281
15583.411,3589.069
14038.18,6666.34
3564.736,999.625
10955.731,5540.46
12974.948,4172.456
3795.467,2232.553
14443.772,1822.885
12643.113,14089.005
12050.121,8548.562
12097.256,13796.453
13315.482,15563.171
1989.175,6923.672
6893.174,206.319
10784.102,6796.842
6887.992,4178.899
3237.134,1759.411
13257.781,5665.251
13964.153,5523.936
11887.592,15646.624
6790.809,8970.302
15164.364,2999.21
9494.115,14215.75
1931.329,24.684
13222.747,279.741
14235.039,2142.55
12814.212,15828.027
7791.39,15393.596
13219.398,11719.124
8098.523,8963.135
4273.428,15579.939
6918.109,10122.485
11161.666,10444.005
3849.822,7624.432
1663.093,12383.934
7969.411,77.53
15031.962,15382.734
9719.754,4401.394
1038.711,10285.734
1965.13,13645.026
14997.148,4767.959
5802.142,14226.488
4365.713,12918.588
1948.263,5199.024
456.217,15256.365
14892.608,10880.303
7694.748,7410.006
15334.323,8684.895
920.795,14388.511
13751.701,4008.981
3601.814,13135.241
15369.578,8514.511
5571.135,2665.812
13010.073,7746.9
9895.501,2844.953
440.765,11394.994
9378.918,1078.832
2263.773,2306.824
12408.791,2799.977
14168.614,9968.059
7492.828,6456.664
3754.918,15113.497
15314.589,3345.25
9643.341,7348.128
9094.278,15459.674
4106.893,1016.169
2760.509,3431.089
12017.199,7372.805
14649.285,5094.423
15145.873,8676.841
11010.201,14447.226
11876.447,12917.611
8539.706,8800.075
4586.458,4668.575
13155.43,14816.924
10509.036,2370.882
1195.204,15707.093
4163.805,8957.451
15230.633,12666.682
14073.914,12728.489
12947.863,6590.394
2634.649,1176.337
14890.248,14538.924
790.728,12598.958
15111.523,5759.828
14239.163,11785.61
9753.601,13414.915
3556.094,8784.052
5687.746,4559.169
11447.935,9090.406
7026.124,7082.125
6284.87,5136.634
7733.595,5068.123
11601.204,9002.58
9714.443,8534.901
9900.119,13569.494
13892.956,14905.53
298.16,11910.711
78.406,621.678
12490.062,7974.547
8465.203,9025.035
2436.634,6790.623
13887.059,10908.195
2629.7,11584.215
10406.31,4916.342
8234.846,2.838
6590.166,6234.323
2808.871,11039.836
6020.482,8088.352
14904.666,2631.776
6864.381,4421.513
5611.232,8298.056
10155.269,4094.502
9692.0,4392.657
2298.771,7949.681
5072.978,14721.887
8326.791,5410.128
5692.79,4477.567
2316.142,1709.537
10547.234,3395.291
6474.172,12118.985
8485.654,2194.507
13508.399,11311.873
12117.159,7348.112
4169.333,2382.727
506.801,4560.991
6573.751,15518.27
5732.015,2203.53
15461.317,9763.527
13552.931,10299.706
10047.944,6995.521
15923.702,452.957
6503.933,1941.497
1713.519,3009.006
4017.872,1218.851
14833.014,10907.208
14680.411,13225.105
11752.888,2346.452
4208.036,6739.68
6947.031,7834.074
19.963,6268.135
5858.85,3511.967
5125.996,13901.169
10424.481,1325.929
1149.772,6944.163
11720.109,11249.262
12680.447,11604.428
2250.259,11926.954
12059.987,14974.477
11349.085,8143.881
13417.133,9506.552
3262.115,984.799
12992.496,4260.196
8368.148,11820.217
9520.461,13562.753
10625.303,7945.728
8376.434,8263.419
2136.354,11999.024
565.489,5577.217
8350.181,6634.8
12238.168,15031.247
9534.629,10141.919
6199.441,14466.957
4146.267,5357.63
12823.147,14388.861
10140.257,11079.581
10246.477,2611.541
5460.121,2731.872
2663.577,14684.943
1928.238,13266.612
7789.916,6822.732
2619.208,11706.522
7612.565,12572.586
14746.592,3399.564
345.541,10135.771
13822.313,10804.46
11729.473,2503.892
12951.274,14660.652
13438.636,4985.44
12233.72,1996.026
7326.694,1942.678
8258.172,2996.717
6794.396,9555.375
14966.17,8298.708
1887.648,4940.282
3943.452,5781.588
6473.608,4051.09
6916.756,3369.812
15237.845,14926.74
1234.964,9440.581
6964.676,3222.036
15114.315,3236.864
15504.064,13028.17
11428.747,3574.752
7599.771,3595.934
3057.458,8050.417
9883.966,15702.812
13469.736,5187.664
6396.746,6666.64
9562.374,8567.829
10163.086,5354.926
14283.686,12481.808
15840.424,5669.138
6332.638,7357.561
1817.016,8292.599
5178.496,161.796
5595.448,28.54
13224.206,2282.871
8848.754,8368.266
15952.278,14320.536
6862.818,11290.403
