2599.211,10978.416
3427.235,2717.038
1035.575,9486.295
3196.843,9868.094
1246.213,2177.127
9204.364,4222.817
11764.661,5896.922
12263.782,14193.118
2350.371,1068.566
5449.703,10194.137
7498.895,2423.452
15409.039,14835.482
5078.468,4703.042
9706.713,8542.293
1523.86,4646.994
2078.071,9446.54
716.444,12181.146
7029.47,4650.629
13053.15,8732.44
14932.058,6775.293
6205.05,1257.497
13729.476,5634.048
10966.436,8607.519
2203.563,1011.253
5123.286,14794.102
6798.533,15133.861
15541.299,8856.217
10569.255,12039.549
6717.696,15083.861
11572.212,821.797
11404.839,1894.887
6822.608,1107.266
6732.722,5123.884
13824.702,4222.936
10136.329,5053.537
11519.315,13142.117
2722.8,9125.173
8615.939,9974.544
13441.778,3837.662
5592.833,14612.509
8555.135,10594.531
12872.277,8788.392
732.944,2829.421
7266.042,4152.822
9153.455,13438.962
10019.161,15381.461
8963.346,5710.78
7099.891,5938.222
5632.693,15244.326
15482.868,14675.153
6296.175,11263.725
14184.575,14853.118
9006.932,9499.272
8538.964,15018.265
13365.463,10653.942
3878.556,10645.346
1983.528,3701.051
5283.609,13903.16
5718.04,12910.227
10252.591,7472.615
9944.869,13465.501
8729.712,8132.277
3098.155,5759.893
3439.305,2274.67
14699.63,6069.423
12745.971,6013.383
5534.327,7911.08
5484.604,1162.517
3195.231,3327.052
6564.783,7747.568
8119.549,801.954
715.844,9759.618
11567.214,8886.372
7141.372,2104.331
2898.572,9059.284
10875.07,4527.131
673.48,3619.367
4007.641,12803.664
10954.735,14263.839
5163.104,15280.648
4721.126,3841.289
5620.206,3178.335
13977.681,8243.344
6607.072,14564.44
15754.684,4110.644
15879.929,13080.536
6299.191,861.221
14724.891,3984.303
12636.179,13715.205
15595.19,13885.815
6247.767,2564.862
1077.995,7628.298
3697.125,2369.734
13599.095,14253.862
3633.345,13053.778
3667.865,9661.03
14576.721,15340.686
12051.375,7953.633
8961.883,5800.241
10923.584,9938.258
15330.293,8149.515
14991.347,13136.954
14917.475,13689.926
14763.629,13430.743
9162.166,11919.679
7629.67,15894.614
9223.484,8232.645
2995.914,15249.586
804.2,2674.4
8208.135,14630.119
15938.533,15144.071
8630.153,9047.67
2622.499,8038.234
14607.724,15066.793
15431.848,10429.44
7910.211,3002.501
9963.164,7389.102
2723.188,10467.391
5177.535,8624.535
6254.028,14009.935
3525.585,11100.372
4995.86,11097.206
2449.975,5268.078
5192.811,3664.78
7572.619,11367.243
12085.308,13458.411
13490.577,3668.326
3323.265,8461.203
5999.504,1720.689
3402.314,9655.908
4839.865,9326.148
5548.984,194.435
13769.007,3817.368
14913.612,10610.574
5935.386,9001.461
11890.239,4849.035
5392.776,11509.988
15156.215,4357.066
2329.457,12402.578
7388.011,13575.356
2914.402,9664.921
1064.358,14885.625
12286.812,12498.372
2449.851,6200.947
6305.258,4632.274
13060.315,2521.64
7419.986,15515.867
15610.503,13397.608
3436.278,6515.433
603.485,6690.484
10372.887,12963.196
14695.595,7576.264
2440.96,12294.079
8396.383,4479.023
8931.256,13877.642
12923.255,4672.409
10376.78,4651.889
12255.632,1411.134
7908.752,5330.814
7101.21,3021.293
12951.189,6480.434
358.13,13827.362
15441.313,10655.029
4077.506,9786.742
9295.996,6529.613
12329.582,5747.117
6054.399,12536.728
10670.316,10738.769
2277.721,11388.925
4571.749,5211.546
7857.231,11542.486
13207.94,14304.584
5567.64,13946.282
14487.592,15057.335
7273.136,15242.014
1400.388,5517.873
11142.653,13555.957
12999.241,708.335
7197.391,8043.866
5516.2,1142.508
7174.397,1501.791
13869.06,2680.824
6627.394,1851.798
13920.622,15539.691
5376.182,14901.21
5220.139,11685.641
9062.083,3111.759
5587.912,14075.375
12638.921,421.427
3640.421,9150.965
12168.827,15375.461
2688.155,11520.024
8702.716,6712.505
12015.301,7119.688
105.512,692.94
1425.47,4587.993
466.477,1733.381
8219.788,14495.759
4297.161,8651.906
6965.111,14216.358
5285.405,2110.62
10104.989,2231.913
13125.555,8161.715
11384.518,10050.98
3107.256,589.228
1749.409,10610.264
3823.8,2298.156
14927.8,2247.291
4685.186,10456.808
5163.861,11370.727
14672.775,2824.203
5374.205,4239.269
7503.508,14901.93
2204.804,610.245
15379.234,11976.148
954.98,5875.825
5956.978,4925.405
13983.603,13399.342
7251.289,6906.934
6758.144,4765.835
15752.828,6371.688
14704.976,7029.758
1074.582,1730.215
15050.194,5282.692
13565.975,11481.676
13810.482,5748.019
9464.061,7255.481
7233.041,2989.349
12013.09,1872.892
2400.175,14993.946
12459.032,11496.437
4120.303,6107.503
1633.327,12401.133
11604.9,15562.451
1760.608,1318.882
9604.837,10393.463
2255.345,4920.205
11003.142,12905.981
1858.943,9830.961
12369.901,3558.175
4819.811,15240.729
15187.15,2616.344
13492.814,12949.864
385.127,5603.494
1327.886,4104.511
13894.544,579.262
4495.335,15226.624
4218.837,4172.28
7871.828,4576.313
14665.803,2513.627
15405.822,7943.434
6479.437,5181.98
11986.997,10191.581
14752.441,206.569
7576.384,6278.594
8852.553,1511.715
15774.461,475.613
9227.235,5442.794
13440.934,10120.346
10428.924,8847.43
12424.912,10868.538
10249.861,1887.353
7120.838,7015.588
1928.277,14276.782
12086.274,14328.496
13450.557,504.662
4853.634,2205.162
4038.889,7138.063
9466.606,10166.483
8833.009,6602.38
7221.212,11563.596
1216.417,10773.911
11630.952,1865.531
757.526,10659.986
15000.638,4794.63
11064.929,9901.704
5644.785,13732.815
7847.227,11314.937
10272.459,406.902
13609.052,10828.317
14292.279,1688.566
659.251,4320.51
6739.126,2988.554
8094.871,5338.386
15010.459,15730.436
3948.824,2401.603
13374.239,9548.825
5188.793,2333.561
12376.138,15757.15
14638.992,2975.472
5675.092,9697.534
12799.745,7565.053
10875.571,3184.181
14793.42,1229.671
5293.759,10241.398
14115.236,4672.121
8378.781,15699.129
4241.55,3364.178
3510.741,13274.686
8793.089,15424.19
15016.026,14136.439
8428.137,3817.25
11374.712,7051.222
9245.172,4154.8
885.135,4565.865
13521.769,11840.134
1572.737,931.713
6559.523,6586.422
8508.945,6384.298
14590.016,15284.55
15143.406,10816.72
3158.517,9511.544
8259.548,1759.504
3336.234,5618.467
780.691,14758.433
9539.422,5471.975
6376.21,13590.39
5465.089,4251.227
10799.84,9647.567
5228.717,5529.97
12026.243,9041.622
4376.023,4340.911
3147.025,8668.47
6170.534,12436.311
13280.941,1968.881
8070.287,4542.65
3184.624,11924.228
2836.017,10085.189
10795.881,10733.78
5541.506,8363.922
11844.622,2728.033
6930.531,3807.408
3963.532,9807.827
8426.919,10040.331
13736.905,5305.12
878.409,13891.708
15479.167,4256.308
10892.282,7818.998
11418.492,1038.565
3779.571,1406.094
10906.026,1873.208
3827.237,15479.384
13553.821,8199.438
10742.951,7156.265
1617.877,1802.551
10356.298,11492.402
7149.083,11575.0
8298.524,5590.606
5519.423,12168.275
9101.86,3961.081
659.471,56.55
12695.389,4708.452
2616.694,13933.949
1303.064,15469.119
12329.736,8009.439
10370.939,3519.657
9779.127,13502.583
1390.665,14688.421
5544.827,14062.207
4648.704,6291.228
6938.439,4743.39
6443.111,8280.43
3074.977,9392.369
4316.619,13821.266
3173.768,15039.88
6854.493,10860.188
13991.028,10912.006
13613.22,9684.648
3141.148,13604.849
14178.427,5836.085
15915.623,578.519
10011.402,9632.203
5902.383,12270.37
3497.26,7566.166
12627.058,8835.739
4396.809,15953.851
5415.795,10289.311
8287.794,8355.009
10075.717,14666.644
6890.002,9983.088
10412.506,12655.795
10141.579,15168.776
957.142,469.46
8766.964,5410.308
13932.992,9934.102
4493.54,14295.972
9567.931,8961.231
13625.435,8180.05
5924.538,6470.346
9945.991,7325.97
3847.561,11617.677
7074.746,131.81
6759.003,1315.309
11874.785,14040.781
4271.946,4064.749
9555.486,7434.928
723.175,2317.541
4323.053,8341.807
1038.419,2164.484
3907.865,15844.63
