6415.485,488.47
6915.537,12413.555
6794.204,13936.944
2896.38,5967.355
4892.576,14794.801
13472.047,11712.871
15280.818,8762.736
13288.802,3930.064
14628.589,296.939
8409.134,12379.085
1859.652,11797.718
2310.224,6227.887
956.041,106.272
439.131,10968.576
5225.071,7881.3
8288.774,1738.465
7273.453,7693.214
9561.847,9515.951
11165.359,1029.077
6782.861,11445.266
11203.431,14545.864
10590.829,3054.496
15435.927,1177.384
969.838,12326.926
7562.555,9551.026
5988.361,11660.415
4534.911,3535.275
11000.551,10495.295
1139.889,1258.232
1528.64,12308.417
7019.812,8618.548
5783.77,7489.078
4793.865,12459.674
11690.537,6619.749
7336.156,4816.949
2259.562,11874.589
188.222,11199.659
3859.088,6084.728
12545.712,14013.903
683.868,6346.071
5762.274,6426.277
11322.465,805.368
7891.014,456.686
11880.652,2488.897
1011.911,6241.405
13709.672,13725.136
3763.874,6532.607
11354.354,530.04
14594.019,13758.201
4427.147,11191.716
7883.383,6200.865
14886.308,15762.684
14558.058,821.322
15305.734,1358.113
14634.699,3509.397
11967.157,633.422
15671.401,684.485
12415.591,3613.734
1782.402,11323.732
15613.881,7440.905
12278.477,1171.864
2377.825,10736.156
11869.222,11023.979
7605.301,675.206
8239.239,1776.3
13352.588,3523.901
10451.914,11078.824
3415.025,10235.988
3194.961,7436.245
12726.189,799.717
15139.165,12141.076
13981.831,1479.328
10394.704,2048.817
12581.818,10852.054
15815.666,12517.911
12856.833,8914.33
15543.742,14249.564
499.627,11712.366
14839.004,8147.733
3960.811,8407.067
6953.883,11888.133
8186.385,13063.212
12554.496,4783.845
2670.501,15214.227
7327.863,12831.267
5479.286,15152.596
14517.766,3159.805
1815.765,4108.708
15000.092,13426.76
15741.208,6649.68
3698.808,8344.882
8874.356,4185.029
8036.232,4749.597
12374.541,14706.051
256.933,7628.408
3177.435,3488.152
4892.43,1665.344
8017.562,9254.347
15244.345,5398.312
4288.823,5639.081
1106.08,6146.472
480.691,4272.786
3481.02,15361.752
13766.71,1717.753
15123.425,13010.467
9000.642,11129.914
10061.758,14716.665
9236.5,8051.316
10122.284,8012.325
4944.499,7833.921
13813.257,1593.802
1016.648,13290.365
6930.801,15942.183
10283.031,1327.581
6183.529,2265.262
8652.008,5734.785
10010.837,2348.816
9567.35,13195.957
13056.572,4576.029
134.641,15303.248
10722.726,13371.814
6341.463,6576.834
11595.969,12284.228
9373.287,11177.037
1737.745,8866.069
14331.246,10565.116
2396.614,3914.535
2673.385,11174.767
43.911,11787.249
120.39,1131.589
5543.5,15070.211
8531.072,5450.012
3103.13,14121.222
10423.417,15853.133
10927.861,15965.105
2496.993,4275.552
3960.192,13388.419
6807.451,13538.814
9044.17,14140.286
9125.94,5151.213
10093.29,1376.832
13680.316,5059.978
6945.236,13837.381
9843.895,6890.445
15398.403,10668.379
12409.383,105.683
3383.939,11704.069
15025.523,7966.931
10073.956,6295.902
8704.593,4760.01
10454.141,12172.047
13152.693,15473.532
11168.149,7012.406
9538.226,4263.036
6558.214,15059.956
3386.842,4335.718
4359.243,3332.522
15194.279,10779.558
4067.371,3037.276
7121.152,6023.718
13724.973,4544.125
6458.411,9694.493
2547.26,12256.099
13215.189,720.629
12735.601,9327.572
1611.521,8287.508
8902.802,15236.655
14358.528,5530.101
9280.495,7400.28
3137.407,3926.902
12148.445,13605.606
14930.16,14052.473
8518.093,7231.751
2564.259,9910.097
8045.44,2884.497
3707.738,11352.973
13298.56,8803.332
2447.777,15158.863
6329.787,11945.761
10056.443,3591.909
4888.123,15226.732
6093.34,15174.372
11898.616,927.233
4623.28,7012.273
7142.388,4758.821
5725.631,14025.483
1665.861,4019.49
13251.627,12529.092
15690.886,5236.439
8548.205,10944.88
6880.926,15412.042
3821.873,1223.749
13949.727,8627.499
5249.319,13465.937
3514.477,12619.107
3765.031,2161.56
1347.088,10954.133
1140.948,3082.986
6269.101,6664.6
6719.855,11833.2
3926.893,8757.943
3289.037,11386.275
7468.925,1882.13
2470.79,14569.55
12126.233,1557.505
2461.364,3681.438
5948.856,12356.144
6958.087,10330.472
12417.802,1058.95
10473.347,6914.326
15716.444,1645.587
12012.769,13897.552
15629.162,210.859
2999.795,3731.632
12862.096,1375.724
9911.837,15784.963
7070.797,1220.218
8359.466,7593.905
10337.942,10288.246
4189.38,9694.204
15535.154,3340.022
7906.008,687.775
3102.756,9541.02
15530.753,4643.8
13440.86,1359.983
8887.487,880.563
7093.64,6063.527
9433.828,7672.777
6456.858,9299.889
2486.92,692.012
2496.983,2934.57
4955.139,14808.636
3743.774,8337.482
2117.775,6831.069
4456.667,7273.38
10239.0,10113.043
15525.411,4810.836
10661.691,12932.722
6506.231,13499.925
15009.666,5937.544
2242.467,14109.035
9932.86,11061.731
14568.651,15482.086
13701.91,2794.205
10241.703,5230.792
1590.703,8696.933
2027.5,1037.777
11813.737,14638.943
9903.267,2604.491
531.383,7754.194
14504.012,9483.381
2119.736,11442.307
4240.283,15851.125
8139.562,7471.786
15300.363,7617.075
1297.35,10517.519
9585.583,4284.468
13258.721,14672.462
12115.87,8652.99
8247.219,2721.285
4386.57,9224.552
13515.098,783.002
4510.823,1988.942
14875.904,400.362
3883.321,14283.169
15468.955,12509.392
8099.65,15422.389
947.485,10436.213
8105.894,8752.692
825.748,14613.818
11022.983,1292.603
12915.626,9027.81
2109.071,837.69
180.429,15572.94
5893.526,5893.626
8885.065,5427.512
1496.073,9959.254
2529.142,1083.329
48.019,12522.592
5581.963,10509.487
7185.035,4812.841
8836.925,4563.535
4114.838,13368.009
6826.181,8749.863
10572.934,10940.442
15159.619,7047.551
11144.453,14730.57
2897.392,2829.161
13946.936,13415.91
13012.889,6422.046
5758.688,8132.618
10298.275,6158.888
9602.824,9444.029
10356.531,3332.844
1244.871,14253.665
13776.013,11088.688
5227.031,118.073
9386.533,15597.848
5841.716,8655.656
7164.85,14018.715
12067.418,13504.949
14419.826,9284.707
2391.349,5084.044
4290.758,7690.484
5823.552,2951.167
14396.956,9981.645
13658.795,12676.658
11821.784,13278.118
11228.374,11958.141
11165.585,11683.434
3141.713,12536.878
7844.284,7006.784
2106.331,6003.381
4205.997,11333.594
14255.297,3284.853
12134.01,4485.243
10301.813,14321.115
6013.401,9434.34
12201.336,4008.133
12850.76,13710.897
9963.766,8777.713
14479.604,2521.028
11277.249,11463.057
9874.911,8367.788
12056.807,12829.93
2287.039,11965.56
7049.568,8258.765
275.438,15085.988
7915.141,6839.986
1107.816,5108.081
5127.872,3923.592
13856.663,7807.031
9512.582,917.345
923.905,763.484
3153.936,5840.231
11509.161,317.797
9719.851,2990.18
5024.561,9057.177
38.268,6035.539
12293.413,5357.345
6328.515,13013.584
7534.824,6234.208
10959.626,9344.928
9963.996,6279.617
8371.051,1952.134
13497.802,14354.401
10568.192,5815.099
1607.68,5771.903
4583.164,9352.14
12683.045,2720.746
6170.066,14980.984
4149.644,545.604
14671.376,15238.56
13681.688,8138.481
2069.165,8478.328
11662.774,6942.011
6638.636,15110.812
10213.777,11102.875
5903.597,3178.851
15178.259,15222.56
12115.4,4334.963
14238.476,14397.296
7819.961,2251.05
14341.035,1230.583
6831.505,11714.544
11743.734,15678.393
12210.631,6214.066
8974.33,14224.196
14701.121,2019.258
12833.355,15127.719
11878.003,6255.89
14871.842,13790.455
11951.786,10058.16
4826.572,10743.052
11385.455,8978.345
11828.674,15052.189
15919.425,7264.837
7450.885,10251.924
13604.786,12549.548
12865.074,9771.364
2200.213,8657.734
184.194,8189.683
14184.611,9662.928
4383.973,3283.985
1038.306,4688.497
14609.232,7552.834
15565.008,9824.657
3690.184,15944.106
12912.812,13729.345
9369.996,922.009
8856.392,8508.104
1603.652,4124.918
10074.817,15750.936
11956.881,4177.469
5595.851,11462.286
3850.563,14693.41
13041.484,7359.621
12365.348,4306.326
2363.063,407.204
2590.524,924.702
