8499.973,2935.951
2076.639,6893.129
129.453,11246.425
13309.9,6840.335
7776.06,466.564
12673.544,8176.363
10334.626,9799.097
14270.799,14116.218
6692.313,14936.552
2850.104,13351.35
14753.61,15784.468
3445.011,6378.562
14804.813,10685.034
9642.039,13102.687
12621.177,10524.544
9881.109,4548.053
6309.875,10050.837
14801.298,14112.656
9972.026,10915.385
14780.344,14302.739
6681.264,12498.006
787.967,8123.075
7333.704,11304.991
4759.53,7097.056
6798.245,13467.541
5791.944,6679.866
1381.976,8332.968
4723.784,14089.363
4402.196,10669.779
15216.418,1593.193
7726.748,9525.419
14233.256,3702.059
1871.234,183.521
4849.066,13037.554
338.961,326.084
4493.569,221.7
10190.123,5378.081
11992.574,5817.304
14298.664,7513.143
1443.423,6594.728
7564.447,11506.528
3494.727,8560.545
15116.515,12139.061
994.462,3459.838
11322.53,12320.602
10410.453,8555.591
9322.998,5747.845
10939.694,12078.016
742.308,15686.65
12326.969,6656.005
3523.27,1463.961
12726.837,902.87
5677.9,5728.284
5742.582,2101.344
4996.255,5781.493
7451.514,5528.46
10434.499,15191.905
4745.92,6047.102
3571.897,9551.854
12917.966,6430.826
582.962,10793.663
2535.713,6191.067
6404.572,10414.323
3507.413,2506.182
7607.53,7618.768
15753.667,14517.974
14722.511,11378.323
2700.197,5656.286
14869.83,680.266
10922.143,15806.481
9125.498,8810.828
11123.489,12906.825
10689.879,6794.251
2181.429,5652.585
14802.638,7570.812
4445.766,10056.158
13395.661,8054.275
7706.515,3514.156
2302.069,15808.926
9844.177,4614.471
6985.256,6950.456
11059.242,6476.072
12955.108,4490.054
11154.576,1515.18
12767.654,11149.557
1051.069,5312.774
10668.24,1611.476
5420.005,7371.453
12501.661,2769.365
4381.93,6860.326
11110.217,6167.622
1640.742,15796.255
11828.769,13547.451
10190.235,12938.795
15236.281,5347.448
12336.209,4676.538
14262.397,7518.829
3954.804,3927.095
9407.174,9596.305
6365.281,15265.528
1189.424,3140.585
15132.066,2670.863
13724.771,963.099
9625.103,11800.348
14389.696,7663.003
9200.201,9014.782
12965.403,15737.095
8113.349,8490.107
15890.851,5145.572
1670.967,3401.004
6817.508,12592.95
15123.003,5927.826
3296.237,11421.269
1739.089,12601.736
8638.973,12139.215
12157.977,8117.449
4328.767,1828.627
11319.146,10887.253
6273.669,8518.625
11885.981,4161.974
10797.921,559.53
10168.604,1572.515
12601.677,6852.88
5537.404,911.624
15121.179,7198.843
667.071,2378.111
3122.9,10211.119
3751.136,6962.281
14884.132,2976.12
1168.471,7096.942
10375.591,9406.448
9700.629,14403.832
2986.906,11639.238
2459.739,6851.165
14572.012,511.125
15257.473,6600.103
7099.602,14834.899
9630.933,8580.504
2568.065,6941.801
10187.475,7383.16
12087.083,1541.043
15290.025,14277.007
2965.684,11686.006
15132.71,8705.09
10827.728,6669.041
8891.405,9085.418
10523.482,15821.104
3880.214,7525.181
10999.505,6657.203
5276.168,7778.675
13316.551,13946.205
14278.784,2907.698
13108.778,4333.304
11516.557,2139.846
203.539,15111.596
370.477,2448.76
1367.847,5606.237
4864.254,12342.051
3149.54,15307.493
6970.0,15217.844
10232.541,426.765
1339.27,11497.443
11916.195,15997.427
692.873,6601.526
3727.852,3069.792
9293.04,2709.889
5269.033,7478.397
11449.774,11829.6
7151.084,701.042
8279.425,3568.742
13149.229,8982.93
15241.031,15782.814
411.051,5252.0
8142.714,14480.955
4106.325,8551.953
12281.274,12132.68
5275.159,11100.297
9284.207,4565.724
4334.152,13820.023
604.026,14437.64
11172.666,11564.15
15008.498,9736.608
1239.961,11391.242
11401.025,1251.896
3739.829,2149.351
2785.23,7391.578
5796.026,12040.761
9758.938,13174.595
1336.32,4769.176
9912.562,4677.061
2153.417,9009.302
15896.013,9262.365
9583.586,4350.0
11512.398,7978.46
14047.747,10413.796
5785.257,9748.965
2105.021,2226.872
7039.813,6607.964
97.926,4543.278
13801.912,8868.394
13420.286,12714.809
7630.912,7102.238
11770.336,3023.14
8975.926,13208.402
1929.044,4104.366
279.24,12858.352
401.622,10503.308
6963.594,7905.582
7512.584,6939.258
4895.358,1541.884
6983.48,7046.7
11270.175,7017.655
2292.307,4428.603
11181.828,2383.918
5749.455,738.294
3968.345,15840.121
1547.229,4593.996
807.452,3086.918
13165.335,5238.537
15519.006,8133.433
3844.48,3419.78
7496.408,8703.675
13959.615,12441.858
11546.845,365.35
10992.036,7259.724
14090.82,14034.604
10302.197,12763.813
12947.779,13230.812
2480.692,5225.318
13157.399,2463.542
3931.473,4980.717
14838.028,14167.328
7616.5,15844.588
2363.942,7292.305
1895.292,12211.911
2645.734,15695.391
6072.89,5724.396
6865.993,757.469
14767.099,7888.225
2591.93,7034.44
2379.809,3764.893
12076.933,6373.075
8866.638,6793.458
140.981,6495.513
14416.524,15529.733
6590.273,9397.054
12647.665,6852.249
8478.972,825.284
564.115,7628.049
3743.87,10414.716
13774.25,11342.123
5429.942,3384.631
11580.755,4067.054
12461.193,9990.493
9012.83,14353.083
2222.369,12677.509
11397.372,13013.174
5861.472,3852.446
12531.433,6291.238
8528.404,4356.375
3807.102,13656.785
12873.72,13742.999
5018.095,9971.59
6165.339,14935.944
2173.449,7475.665
4667.944,12565.954
10388.36,10067.815
694.409,10785.938
4564.249,8598.596
12362.601,12740.498
4752.934,5389.617
5906.745,7077.678
315.643,2416.896
8118.506,10547.279
8232.128,5669.393
9945.128,15356.782
1661.432,7958.117
5558.941,3185.543
13141.29,12663.374
12312.081,2990.155
14939.302,1605.594
12067.27,566.179
14568.929,2788.219
12294.988,2568.52
15666.547,2912.601
3868.995,9532.601
12002.826,2384.801
1507.52,7664.715
3445.442,5080.381
13977.123,14829.752
8297.938,1838.873
8126.46,9724.531
14287.009,10707.241
8341.521,14214.674
13113.97,4965.695
9868.493,6387.644
12085.904,11680.669
2533.449,3568.53
5961.465,950.268
12400.565,5951.998
12469.763,10549.255
9447.914,15423.002
5076.595,15243.874
6300.23,15324.789
3114.151,8974.232
11249.32,15567.894
9994.735,6902.417
12416.695,14592.586
6501.766,2149.465
5751.156,2938.363
7552.011,5644.846
14546.701,15768.678
14946.236,3675.324
15182.855,9261.751
2237.23,1788.443
2192.018,9664.291
4558.24,3537.455
7914.963,10875.882
9447.085,10331.904
7209.221,3861.383
12537.726,8219.425
15608.741,13177.986
1079.333,1114.143
14652.717,14691.053
4925.896,15784.798
3150.451,15632.433
11504.174,4512.876
11179.816,9325.987
3083.771,9114.68
7263.505,15769.301
3764.306,559.59
2962.167,7249.53
4264.749,6444.286
2094.78,11471.539
4851.475,8442.503
2292.177,673.841
10178.713,15362.984
1408.645,4691.447
7825.105,5373.192
10821.871,8884.961
12246.965,8701.429
11374.469,11019.038
5395.727,1339.977
555.608,1224.947
8322.96,10799.358
10417.874,832.504
8402.611,13053.504
3980.73,1822.44
12300.12,6519.06
5475.789,7295.357
9603.927,11648.414
11901.043,10298.942
11238.769,1043.89
14062.525,1292.846
7439.815,1340.014
3156.506,5932.329
7543.847,14954.495
5002.064,577.649
5926.753,5604.298
15256.954,5017.692
4315.656,12276.568
11829.781,522.051
10988.106,13427.373
3031.57,8518.9
4978.874,6462.994
3498.995,1184.957
2970.83,14705.331
7456.807,13942.598
10021.157,6423.61
10218.367,13637.315
8128.964,14036.018
13677.153,10635.199
8516.708,6721.046
9676.13,6011.394
5111.886,10867.628
6080.566,578.509
6313.789,3969.71
2398.063,11635.145
14645.448,2668.515
2249.225,11119.781
13651.688,12720.862
10525.753,8482.062
1425.28,2365.597
1520.624,6607.542
5950.144,10109.739
2351.384,13152.792
5170.303,1432.92
13560.471,8152.743
11601.484,10730.309
9543.706,10728.96
9348.418,5103.968
4517.728,11524.66
1987.368,1802.44
11312.358,1799.399
15999.739,10998.554
131.247,14560.553
2940.968,5909.959
11772.91,9276.412
755.055,13171.04
6431.622,10328.608
