11642.943,19768.068
15527.768,19233.352
2896.902,183.584
1692.211,12203.761
15488.991,10196.664
18997.818,5072.092
13158.026,11355.967
6301.089,197.232
18953.688,11261.991
4749.524,14970.698
6240.463,16815.583
3500.545,14582.641
5493.819,5249.909
12250.118,5827.094
13444.978,4462.893
17101.502,16975.88
4715.303,17254.151
13738.124,7056.613
7186.474,19239.315
16988.556,11446.652
333.395,11151.872
6043.227,2680.729
15695.909,7953.864
8011.12,3342.209
6229.179,16575.664
10078.302,15705.478
459.455,5068.278
6717.968,15531.173
17499.016,13722.027
3804.552,19964.45
5362.294,9980.964
6243.801,8484.12
2866.572,658.547
7466.836,6422.895
10102.001,8944.17
3024.099,9401.975
17780.452,2876.311
11968.144,17967.697
12713.804,7472.64
5653.002,6053.018
10028.931,17952.682
10394.841,12957.487
954.306,1470.347
3433.038,19879.178
15545.992,15397.228
6199.632,10661.742
10896.432,18109.355
7292.97,5392.222
16432.317,13864.506
19385.13,1657.698
16041.023,15356.798
650.603,12486.227
16220.167,10452.505
9087.637,9452.454
19006.708,7483.358
18585.974,13870.927
2858.434,10474.854
10415.789,725.241
3180.655,15222.94
14244.122,1549.139
11461.69,12750.473
7699.376,9084.996
18008.385,19813.618
12305.785,16915.22
10925.286,11243.243
1361.535,1432.573
3305.756,17618.974
16225.182,5136.726
16433.967,14744.617
14785.169,14810.882
4225.011,19488.956
7148.113,2960.247
19725.975,60.476
1654.578,5722.842
3711.769,10019.243
18318.086,3838.495
12243.612,4186.227
5330.928,9200.557
4981.941,4174.571
5.126,17249.357
7883.285,15874.253
10361.136,10486.734
14781.293,2447.763
17211.406,8664.475
8841.061,2660.037
4089.283,11807.473
4816.333,6883.633
4122.953,15733.975
8985.507,7269.792
5676.768,16963.319
5790.141,13970.231
11242.833,12317.41
6178.394,11673.479
9915.432,19327.175
6141.766,7658.937
8022.273,17062.562
17522.877,14090.434
1419.722,19197.878
16040.522,2802.487
10048.807,7191.769
3917.232,8095.12
3907.005,5034.426
14004.396,15470.817
14339.251,8107.188
1335.723,10721.674
17072.645,92.803
7389.529,11426.377
9120.353,18802.893
3792.761,6889.694
14999.759,15552.193
7871.148,15141.694
8590.708,18388.85
1109.21,8944.775
19860.361,839.667
5813.762,57.778
7075.279,3922.691
12401.405,4032.571
9776.375,6198.747
17641.616,2186.974
1351.54,1024.685
4997.113,19376.819
13082.544,19495.909
17439.348,137.36
14977.115,17434.192
10168.174,15661.18
12610.759,15923.291
3485.286,4231.203
7227.264,15199.458
9440.909,12324.44
17535.376,337.695
5715.651,2008.501
18602.797,3606.615
10841.258,8612.659
6882.11,18319.325
10129.767,4641.472
16104.847,19577.675
6633.351,17280.891
5097.883,17608.61
13275.967,3530.592
15521.109,18985.777
13905.641,10718.725
15797.819,2313.605
16029.343,10795.919
19709.29,15737.502
3401.294,4495.387
6536.449,8634.237
6319.212,4679.782
11277.066,17799.741
18062.887,13221.056
16569.018,18060.345
10050.085,10291.177
18863.709,7984.507
1548.354,15360.35
11867.604,1608.191
1461.593,18446.732
7342.153,16133.977
13536.26,15314.961
5551.69,5516.043
1572.184,15007.116
14060.744,12703.763
15672.252,16650.952
18780.977,1623.814
14193.728,5462.711
9230.632,17022.089
312.264,503.752
14152.227,4985.328
11091.907,18364.593
11115.909,10415.059
5687.813,6428.965
17140.695,10779.518
605.177,7862.978
15640.779,3061.26
5058.311,3489.362
9114.167,12650.687
17068.913,5490.205
11261.43,17044.467
8471.31,13792.769
8388.948,9625.899
19235.483,15259.307
12212.137,6363.521
13476.887,1393.706
2498.892,7824.559
12424.319,12570.116
14709.953,210.865
13019.258,8736.62
7570.016,10114.956
3012.828,19745.217
7331.259,6506.194
12108.862,5706.626
18769.337,4780.06
12700.839,15307.826
17390.731,18171.256
16146.326,12046.58
3482.303,7332.977
10273.62,7720.48
155.876,4098.525
14675.87,177.332
5143.096,12709.943
12977.16,1153.7
12347.325,3890.209
4543.827,1061.39
1891.606,12699.963
13134.058,3086.142
5389.001,5553.56
5873.32,16567.509
8609.207,5644.772
11050.2,19882.054
9444.985,1172.143
10592.448,294.021
6117.148,18722.618
13328.569,19051.235
15171.786,3629.846
3743.575,2944.116
11979.129,11035.249
10759.266,6112.953
14374.761,8635.679
14597.096,11070.135
7464.59,13458.205
2549.343,19011.192
8972.719,15727.407
17400.981,960.006
19732.963,9417.993
3935.053,17233.953
11794.816,5144.025
4151.795,6451.335
9044.877,2401.516
4971.438,5371.813
4106.458,7147.404
9085.99,1678.824
12343.801,13111.066
19699.118,12293.204
1067.095,11215.237
11209.557,1081.935
14282.298,507.908
2558.335,16096.379
18817.9,17008.92
4316.403,2710.094
18546.057,19703.625
16375.88,3772.25
7745.148,8050.167
4900.306,10757.715
8997.295,2333.09
13391.446,1796.276
3999.634,16181.443
2941.069,2776.962
5129.556,6261.945
4814.795,9651.287
19906.792,9222.183
576.163,7789.495
1319.873,4595.634
9100.199,14201.309
8208.742,1247.239
2735.793,353.953
18375.372,13712.217
405.564,12968.198
9205.872,15694.845
10299.306,336.607
16887.107,6763.769
15676.877,14842.625
8276.718,12427.204
1297.133,18506.068
6975.617,17772.157
12847.014,12271.148
1878.021,3884.412
19773.296,15844.025
10281.89,10089.103
6868.715,8687.892
16786.26,9.089
2796.16,18361.864
13617.165,5117.045
7451.336,12824.744
3537.375,16568.016
17097.355,17635.227
13521.183,9712.298
5831.433,7561.708
3139.424,2452.472
5327.937,9554.423
8375.742,5710.925
15728.682,942.584
15789.375,3003.837
19562.823,9031.133
8124.094,6578.107
14789.246,18404.144
9371.649,4318.705
8809.041,8497.007
14745.043,9121.444
12999.913,4705.506
17255.648,19016.191
12418.248,6119.653
620.0,9956.809
11480.61,6455.365
9641.076,19063.373
3846.366,10341.739
1455.923,16646.275
2192.986,13617.908
19422.759,7449.524
18336.609,16226.833
9194.765,11415.366
10799.955,17999.061
10867.413,17832.698
